0.67 -3.74
5.34 -3.54
16.86 -3.74
18.09 -3.73
18.50 -3.73
19.40 -3.72
20.32 -3.71
-55.58 -3.13
-55.36 -3.25
-54.00 -3.37
-53.51 -3.53
-53.18 -3.64
-2.31 -3.70
-2.13 -3.71
-1.94 -3.71
-1.76 -3.72
-1.58 -3.72
-1.40 -3.73
-1.22 -3.73
-1.04 -3.73
-0.85 -3.74
-0.67 -3.74
0.68 -3.74
0.86 -3.74
5.61 -3.72
5.83 -3.60
16.87 -3.74
17.27 -3.74
18.09 -3.73
18.50 -3.72
19.40 -3.72
20.25 -3.74
20.89 -3.69
-2.24 -3.70
-2.06 -3.71
-1.88 -3.71
-1.70 -3.72
-1.52 -3.72
-1.33 -3.73
-1.15 -3.73
-0.97 -3.73
-0.79 -3.74
-0.61 -3.74
0.53 -3.74
0.71 -3.74
2.00 -3.74
2.56 -3.74
5.44 -3.58
5.86 -3.59
16.89 -3.73
17.29 -3.73
17.70 -3.73
18.11 -3.72
18.52 -3.72
19.42 -3.72
20.84 -3.71
21.92 -3.67
22.70 -3.74
-2.33 -3.70
-2.15 -3.71
-1.97 -3.71
-1.79 -3.72
-1.60 -3.72
-1.42 -3.73
-1.24 -3.73
-1.06 -3.73
-0.88 -3.74
-0.69 -3.74
-0.51 -3.74
0.64 -3.74
0.83 -3.74
5.80 -3.60
7.31 -3.73
17.64 -3.71
18.05 -3.74
18.46 -3.73
18.88 -3.73
19.29 -3.72
19.79 -3.72
20.71 -3.71
-2.34 -3.70
-2.16 -3.71
-1.98 -3.71
-1.80 -3.72
-1.61 -3.72
-1.43 -3.73
-1.25 -3.73
-1.07 -3.73
-0.89 -3.74
-0.70 -3.74
-0.52 -3.74
0.66 -3.74
5.57 -3.70
5.82 -3.60
16.85 -3.74
17.26 -3.74
17.59 -3.72
18.07 -3.73
18.49 -3.73
19.31 -3.71
20.31 -3.72
-2.39 -3.67
-2.23 -3.70
-2.05 -3.71
-1.87 -3.71
-1.68 -3.72
-1.50 -3.72
-1.32 -3.73
-1.14 -3.73
-0.95 -3.73
-0.77 -3.74
-0.59 -3.74
0.69 -3.74
0.87 -3.74
5.42 -3.58
6.30 -3.63
16.87 -3.73
19.41 -3.72
20.89 -3.69
-2.31 -3.70
-2.13 -3.71
-1.95 -3.71
-1.77 -3.72
-1.59 -3.72
-1.41 -3.73
-1.23 -3.73
-1.04 -3.73
-0.86 -3.74
-0.68 -3.74
0.56 -3.74
1.85 -3.74
5.98 -3.63
7.24 -3.74
18.33 -3.74
18.74 -3.73
19.16 -3.72
19.65 -3.73
21.87 -3.73
-2.33 -3.70
-2.15 -3.71
-1.97 -3.71
-1.78 -3.72
-1.60 -3.72
-1.42 -3.73
-1.24 -3.73
-1.06 -3.73
-0.87 -3.74
-0.69 -3.74
0.67 -3.74
5.60 -3.72
5.82 -3.60
7.33 -3.73
17.58 -3.72
18.48 -3.73
19.31 -3.71
19.80 -3.72
22.11 -3.73
-2.25 -3.70
-2.07 -3.71
-1.89 -3.71
-1.71 -3.72
-1.52 -3.72
-1.34 -3.73
-1.16 -3.73
-0.98 -3.73
-0.79 -3.74
-0.61 -3.74
0.52 -3.74
0.70 -3.74
1.99 -3.74
2.55 -3.74
5.51 -3.63
17.79 -3.74
18.20 -3.73
19.03 -3.72
19.52 -3.73
19.94 -3.71
20.36 -3.70
20.86 -3.70
21.84 -3.70
-2.26 -3.70
-2.08 -3.71
-1.90 -3.71
-1.72 -3.72
-1.54 -3.72
-1.36 -3.73
-1.17 -3.73
-0.99 -3.73
-0.81 -3.74
-0.63 -3.74
0.61 -3.74
1.90 -3.74
7.27 -3.74
17.14 -3.74
17.54 -3.73
18.85 -3.73
20.10 -3.70
20.60 -3.70
21.11 -3.70
-2.30 -3.70
-2.12 -3.71
-1.94 -3.71
-1.76 -3.72
-1.58 -3.72
-1.39 -3.73
-1.21 -3.73
-1.03 -3.73
-0.85 -3.74
-0.67 -3.74
0.67 -3.74
0.85 -3.74
5.61 -3.72
5.82 -3.60
18.08 -3.73
18.49 -3.73
18.90 -3.72
19.81 -3.71
21.24 -3.70
-2.32 -3.70
-2.14 -3.71
-1.96 -3.71
-1.78 -3.72
-1.60 -3.72
-1.42 -3.73
-1.23 -3.73
-1.05 -3.73
-0.87 -3.74
-0.69 -3.74
0.68 -3.74
0.86 -3.74
5.34 -3.54
17.34 -3.72
17.68 -3.73
18.50 -3.72
21.16 -3.73
-2.38 -3.67
-2.21 -3.70
-2.03 -3.71
-1.85 -3.72
-1.67 -3.72
-1.49 -3.72
-1.31 -3.73
-1.12 -3.73
-0.94 -3.73
-0.76 -3.74
-0.58 -3.74
0.53 -3.74
0.72 -3.74
1.99 -3.74
2.55 -3.74
5.43 -3.58
17.70 -3.73
19.02 -3.72
19.43 -3.71
19.93 -3.72
20.82 -3.71
-2.37 -3.70
-2.19 -3.70
-2.01 -3.71
-1.83 -3.72
-1.65 -3.72
-1.47 -3.73
-1.29 -3.73
-1.10 -3.73
-0.92 -3.74
-0.74 -3.74
-0.56 -3.74
0.59 -3.74
1.87 -3.74
7.21 -3.72
18.35 -3.73
18.84 -3.74
19.18 -3.72
20.02 -3.73
21.09 -3.70
21.60 -3.70
-2.26 -3.70
-2.08 -3.71
-1.90 -3.71
-1.72 -3.72
-1.53 -3.72
-1.35 -3.73
-1.17 -3.73
-0.99 -3.73
-0.80 -3.74
-0.62 -3.74
0.63 -3.74
0.82 -3.74
1.92 -3.74
7.29 -3.73
20.16 -3.72
21.12 -3.70
-2.38 -3.67
-2.21 -3.70
-2.03 -3.71
-1.85 -3.72
-1.67 -3.72
-1.49 -3.72
-1.31 -3.73
-1.12 -3.73
-0.94 -3.73
-0.76 -3.74
-0.58 -3.74
0.53 -3.74
0.72 -3.74
2.56 -3.74
5.66 -3.72
5.77 -3.65
6.71 -3.72
17.39 -3.74
17.80 -3.74
19.95 -3.71
20.87 -3.70
-2.33 -3.70
-2.15 -3.71
-1.97 -3.71
-1.79 -3.72
-1.61 -3.72
-1.43 -3.73
-1.25 -3.73
-1.06 -3.73
-0.88 -3.74
-0.70 -3.74
-0.52 -3.74
0.58 -3.74
1.87 -3.74
5.68 -3.69
7.21 -3.72
19.17 -3.72
-2.46 -3.62
-2.33 -3.70
-2.15 -3.71
-1.97 -3.71
-1.79 -3.72
-1.60 -3.72
-1.42 -3.73
-1.24 -3.73
-1.06 -3.73
-0.88 -3.74
-0.69 -3.74
-0.51 -3.74
0.59 -3.74
1.87 -3.74
7.20 -3.72
19.65 -3.73
20.07 -3.71
-2.36 -3.70
-2.18 -3.70
-2.00 -3.71
-1.82 -3.72
-1.63 -3.72
-1.45 -3.73
-1.27 -3.73
-1.09 -3.73
-0.90 -3.74
-0.72 -3.74
-0.54 -3.74
0.55 -3.74
1.84 -3.74
5.54 -3.62
17.07 -3.72
17.41 -3.73
17.82 -3.73
18.23 -3.73
19.48 -3.74
19.96 -3.71
-2.37 -3.70
-2.19 -3.70
-2.01 -3.71
-1.83 -3.72
-1.64 -3.72
-1.46 -3.73
-1.28 -3.73
-1.10 -3.73
-0.92 -3.74
-0.73 -3.74
-0.55 -3.74
0.55 -3.74
2.57 -3.74
5.53 -3.62
17.40 -3.74
17.80 -3.74
18.22 -3.73
19.04 -3.72
20.45 -3.71
21.38 -3.69
-2.34 -3.70
-2.16 -3.71
-1.98 -3.71
-1.80 -3.72
-1.61 -3.72
-1.43 -3.73
-1.25 -3.73
-1.07 -3.73
-0.89 -3.74
-0.71 -3.74
-0.53 -3.74
0.10 -3.45
1.38 -3.46
1.56 -3.46
5.17 -3.32
5.42 -3.35
18.48 -3.46
19.81 -3.45
-2.26 -3.41
-2.08 -3.42
-1.90 -3.42
-1.72 -3.43
-1.54 -3.43
-1.36 -3.44
-1.18 -3.44
-1.00 -3.44
-0.82 -3.45
-0.64 -3.45
-0.46 -3.45
-0.28 -3.45
-0.08 -3.45
0.09 -3.45
0.27 -3.45
1.36 -3.46
1.55 -3.46
5.23 -3.36
5.90 -3.40
17.57 -3.46
-2.25 -3.41
-2.07 -3.42
-1.89 -3.43
-1.71 -3.43
-1.53 -3.43
-1.34 -3.44
-1.16 -3.44
-0.98 -3.44
-0.80 -3.45
-0.62 -3.45
-0.44 -3.45
-0.26 -3.45
-0.09 -3.45
0.11 -3.45
0.29 -3.45
1.39 -3.46
1.57 -3.46
5.19 -3.32
5.67 -3.38
18.89 -3.45
19.30 -3.45
21.79 -3.41
-2.30 -3.41
-2.12 -3.42
-1.94 -3.42
-1.76 -3.43
-1.58 -3.43
-1.40 -3.44
-1.22 -3.44
-1.04 -3.44
-0.86 -3.45
-0.67 -3.45
-0.49 -3.45
-0.31 -3.45
-0.08 -3.45
0.05 -3.45
0.23 -3.45
1.32 -3.46
1.50 -3.46
2.24 -3.46
5.18 -3.37
17.04 -3.46
18.75 -3.46
19.66 -3.45
20.58 -3.44
-2.21 -3.42
-2.03 -3.42
-1.85 -3.43
-1.67 -3.43
-1.49 -3.44
-1.31 -3.44
-1.13 -3.44
-0.95 -3.44
-0.77 -3.45
-0.59 -3.45
-0.41 -3.45
-0.23 -3.45
-0.13 -3.45
0.14 -3.45
1.23 -3.46
1.41 -3.46
1.59 -3.46
2.15 -3.46
5.23 -3.46
5.27 -3.36
5.52 -3.39
18.09 -3.46
18.50 -3.45
19.00 -3.46
20.33 -3.44
21.63 -3.46
-2.35 -3.41
-2.17 -3.42
-1.99 -3.42
-1.81 -3.43
-1.63 -3.43
-1.45 -3.44
-1.27 -3.44
-1.08 -3.44
-0.90 -3.45
-0.72 -3.45
-0.54 -3.45
-0.36 -3.45
-0.05 -3.45
0.00 -3.45
1.28 -3.46
1.46 -3.46
2.20 -3.46
5.18 -3.39
5.35 -3.38
5.67 -3.33
5.92 -3.35
6.94 -3.45
18.64 -3.45
19.13 -3.46
20.04 -3.45
-2.28 -3.41
-2.10 -3.42
-1.92 -3.42
-1.74 -3.43
-1.56 -3.43
-1.38 -3.44
-1.20 -3.44
-1.02 -3.44
-0.84 -3.45
-0.66 -3.45
-0.48 -3.45
-0.29 -3.45
-0.18 -3.45
0.07 -3.45
0.25 -3.45
1.34 -3.46
1.53 -3.46
2.26 -3.46
5.14 -3.32
17.55 -3.46
17.96 -3.46
18.92 -3.44
19.27 -3.45
20.26 -3.43
22.03 -3.45
-2.22 -3.42
-2.04 -3.42
-1.86 -3.43
-1.68 -3.43
-1.50 -3.43
-1.32 -3.44
-1.14 -3.44
-0.96 -3.44
-0.78 -3.45
-0.60 -3.45
-0.42 -3.45
-0.24 -3.45
-0.11 -3.45
0.13 -3.45
1.40 -3.46
1.58 -3.46
5.27 -3.36
5.69 -3.37
17.68 -3.46
18.09 -3.46
18.99 -3.46
19.41 -3.45
21.69 -3.44
-2.36 -3.39
-2.20 -3.42
-2.02 -3.42
-1.84 -3.43
-1.66 -3.43
-1.48 -3.44
-1.30 -3.44
-1.12 -3.44
-0.94 -3.45
-0.76 -3.45
-0.57 -3.45
-0.39 -3.45
-0.21 -3.45
-0.05 -3.45
1.24 -3.46
1.42 -3.46
1.60 -3.46
2.16 -3.46
5.20 -3.44
5.31 -3.38
19.00 -3.46
-2.35 -3.41
-2.17 -3.42
-1.99 -3.42
-1.81 -3.43
-1.63 -3.43
-1.45 -3.44
-1.27 -3.44
-1.09 -3.44
-0.91 -3.45
-0.73 -3.45
-0.55 -3.45
-0.37 -3.45
-0.19 -3.45
-0.03 -3.45
1.27 -3.46
1.45 -3.46
2.19 -3.46
5.10 -3.35
5.31 -3.36
6.93 -3.45
16.91 -3.45
18.21 -3.46
18.69 -3.44
20.95 -3.44
-2.29 -3.41
-2.11 -3.42
-1.93 -3.42
-1.75 -3.43
-1.57 -3.43
-1.39 -3.44
-1.21 -3.44
-1.03 -3.44
-0.85 -3.45
-0.66 -3.45
-0.48 -3.45
-0.30 -3.45
-0.01 -3.45
0.06 -3.45
0.24 -3.45
1.34 -3.46
1.52 -3.46
2.26 -3.46
5.14 -3.32
17.05 -3.45
18.35 -3.46
21.57 -3.44
-2.35 -3.41
-2.18 -3.42
-1.99 -3.42
-1.82 -3.43
-1.64 -3.43
-1.46 -3.44
-1.28 -3.44
-1.09 -3.44
-0.91 -3.45
-0.73 -3.45
-0.55 -3.45
-0.37 -3.45
-0.19 -3.45
-0.12 -3.45
1.26 -3.46
1.45 -3.46
2.18 -3.46
5.22 -3.44
5.36 -3.40
6.92 -3.45
16.91 -3.46
-2.23 -3.41
-2.05 -3.42
-1.87 -3.43
-1.69 -3.43
-1.51 -3.43
-1.33 -3.44
-1.15 -3.44
-0.97 -3.44
-0.79 -3.45
-0.61 -3.45
-0.43 -3.45
-0.25 -3.45
-0.01 -3.45
0.12 -3.45
1.39 -3.46
1.58 -3.46
5.19 -3.32
18.49 -3.46
21.14 -3.46
-2.26 -3.41
-2.08 -3.42
-1.90 -3.42
-1.72 -3.43
-1.54 -3.43
-1.36 -3.44
-1.18 -3.44
-1.00 -3.44
-0.82 -3.45
-0.64 -3.45
-0.46 -3.45
-0.28 -3.45
-0.06 -3.45
0.09 -3.45
0.27 -3.45
1.36 -3.46
1.54 -3.46
5.22 -3.36
5.86 -3.38
17.56 -3.46
21.71 -3.44
-2.37 -3.39
-2.20 -3.42
-2.04 -3.44
-1.84 -3.43
-1.66 -3.43
-1.48 -3.44
-1.30 -3.44
-1.12 -3.44
-0.94 -3.45
-0.76 -3.45
-0.58 -3.45
-0.40 -3.45
-0.21 -3.45
-0.10 -3.45
1.24 -3.46
1.43 -3.46
1.61 -3.46
2.16 -3.46
5.24 -3.46
6.87 -3.43
19.01 -3.46
20.34 -3.44
-2.32 -3.41
-2.15 -3.42
-1.96 -3.42
-1.78 -3.43
-1.60 -3.43
-1.42 -3.44
-1.24 -3.44
-1.06 -3.44
-0.88 -3.45
-0.70 -3.45
-0.52 -3.45
-0.34 -3.45
-0.03 -3.45
0.03 -3.45
0.21 -3.45
1.30 -3.46
1.48 -3.46
2.22 -3.46
5.17 -3.37
6.97 -3.45
17.02 -3.46
17.84 -3.46
18.74 -3.46
-2.26 -3.41
-2.08 -3.42
-1.90 -3.43
-1.72 -3.43
-1.53 -3.43
-1.35 -3.44
-1.17 -3.44
-0.99 -3.44
-0.81 -3.45
-0.63 -3.45
-0.45 -3.45
-0.27 -3.45
-0.16 -3.45
0.10 -3.45
1.37 -3.46
1.55 -3.46
5.16 -3.32
17.56 -3.46
-2.35 -3.41
-2.17 -3.42
-1.99 -3.42
-1.81 -3.43
-1.63 -3.43
-1.45 -3.44
-1.27 -3.44
-1.09 -3.44
-0.91 -3.45
-0.72 -3.45
-0.54 -3.45
-0.36 -3.45
-0.18 -3.45
-0.09 -3.45
1.27 -3.46
1.46 -3.46
2.20 -3.46
5.14 -3.37
5.85 -3.43
6.94 -3.45
18.21 -3.46
18.63 -3.46
19.19 -3.44
20.03 -3.46
-2.30 -3.41
-2.12 -3.42
-1.94 -3.42
-1.76 -3.43
-1.58 -3.43
-1.40 -3.44
-1.22 -3.44
-1.04 -3.44
-0.86 -3.45
-0.67 -3.45
-0.49 -3.45
-0.31 -3.45
-0.00 -3.45
0.05 -3.45
0.23 -3.45
1.33 -3.46
1.51 -3.46
2.25 -3.46
5.19 -3.37
17.04 -3.46
20.08 -3.44
20.58 -3.44
21.56 -3.44
-2.26 -3.41
-2.08 -3.42
-1.90 -3.43
-1.72 -3.43
-1.54 -3.43
-1.36 -3.44
-1.18 -3.44
-1.00 -3.44
-0.82 -3.45
-0.64 -3.45
-0.45 -3.45
-0.27 -3.45
-0.13 -3.45
0.09 -3.45
0.27 -3.45
1.36 -3.46
1.54 -3.46
5.22 -3.36
18.87 -3.46
19.28 -3.45
20.20 -3.44
-2.23 -3.41
-2.05 -3.42
-1.87 -3.43
-1.69 -3.43
-1.51 -3.43
-1.33 -3.44
-1.15 -3.44
-0.97 -3.44
-0.79 -3.45
-0.61 -3.45
-0.43 -3.45
-0.25 -3.45
-0.09 -3.45
0.15 -3.18
0.33 -3.18
0.51 -3.18
0.69 -3.18
0.87 -3.18
1.61 -3.19
1.79 -3.18
5.38 -3.16
-2.27 -3.15
-2.10 -3.15
-1.92 -3.16
-1.74 -3.16
-1.56 -3.17
-1.38 -3.17
-1.19 -3.18
-1.01 -3.18
-0.83 -3.18
-0.65 -3.18
-0.47 -3.18
-0.29 -3.18
-0.03 -3.18
0.07 -3.18
0.25 -3.18
0.43 -3.18
0.62 -3.18
0.80 -3.18
0.98 -3.18
1.71 -3.19
4.69 -3.16
4.87 -3.15
5.10 -3.05
20.16 -3.18
20.73 -3.17
-2.32 -3.13
-2.16 -3.15
-1.98 -3.16
-1.80 -3.16
-1.62 -3.17
-1.44 -3.17
-1.26 -3.17
-1.08 -3.18
-0.90 -3.18
-0.72 -3.18
-0.54 -3.18
-0.36 -3.18
-0.11 -3.18
0.00 -3.18
0.18 -3.18
0.36 -3.18
0.54 -3.18
0.73 -3.18
0.91 -3.18
1.64 -3.19
1.82 -3.18
4.80 -3.16
4.92 -3.10
5.86 -3.08
-2.27 -3.13
-2.11 -3.15
-1.93 -3.16
-1.75 -3.16
-1.57 -3.17
-1.39 -3.17
-1.21 -3.17
-1.03 -3.18
-0.85 -3.18
-0.67 -3.18
-0.49 -3.18
-0.31 -3.18
-0.18 -3.18
0.05 -3.18
0.23 -3.18
0.42 -3.18
0.60 -3.18
0.78 -3.18
0.96 -3.18
1.68 -3.19
4.79 -3.11
5.14 -3.09
20.55 -3.18
21.56 -3.18
-2.28 -3.15
-2.10 -3.15
-1.92 -3.16
-1.74 -3.16
-1.56 -3.17
-1.38 -3.17
-1.20 -3.18
-1.02 -3.18
-0.84 -3.18
-0.66 -3.18
-0.48 -3.18
-0.30 -3.18
-0.12 -3.18
0.06 -3.18
0.24 -3.18
0.42 -3.18
0.60 -3.18
0.78 -3.18
0.96 -3.18
1.69 -3.19
4.69 -3.16
4.86 -3.15
4.98 -3.10
5.15 -3.09
6.33 -3.17
-2.28 -3.13
-2.12 -3.15
-1.94 -3.16
-1.76 -3.16
-1.58 -3.17
-1.40 -3.17
-1.22 -3.17
-1.04 -3.18
-0.86 -3.18
-0.68 -3.18
-0.50 -3.18
-0.32 -3.18
-0.12 -3.18
0.05 -3.18
0.23 -3.18
0.41 -3.18
0.59 -3.18
0.77 -3.18
0.95 -3.18
1.68 -3.19
4.79 -3.11
6.32 -3.17
20.55 -3.18
-2.30 -3.13
-2.14 -3.15
-1.96 -3.16
-1.78 -3.16
-1.60 -3.17
-1.42 -3.17
-1.24 -3.17
-1.06 -3.18
-0.88 -3.18
-0.69 -3.18
-0.51 -3.18
-0.33 -3.18
-0.14 -3.18
0.03 -3.18
0.21 -3.18
0.39 -3.18
0.57 -3.18
0.75 -3.18
0.93 -3.18
1.66 -3.19
4.77 -3.11
5.19 -3.13
-2.29 -3.13
-2.13 -3.15
-1.95 -3.16
-1.77 -3.16
-1.59 -3.17
-1.41 -3.17
-1.23 -3.17
-1.04 -3.18
-0.86 -3.18
-0.68 -3.18
-0.50 -3.18
-0.32 -3.18
-0.15 -3.18
0.04 -3.18
0.22 -3.18
0.40 -3.18
0.58 -3.18
0.76 -3.18
0.94 -3.18
1.68 -3.19
4.78 -3.11
5.02 -3.14
5.14 -3.09
-2.30 -3.13
-2.13 -3.15
-1.95 -3.16
-1.77 -3.16
-1.59 -3.17
-1.41 -3.17
-1.23 -3.17
-1.05 -3.18
-0.87 -3.18
-0.69 -3.18
-0.51 -3.18
-0.33 -3.18
-0.14 -3.18
0.03 -3.18
0.21 -3.18
0.39 -3.18
0.57 -3.18
0.75 -3.18
0.93 -3.18
1.67 -3.19
4.78 -3.11
20.54 -3.18
21.55 -3.18
-2.24 -3.15
-2.07 -3.16
-1.89 -3.16
-1.71 -3.17
-1.52 -3.17
-1.35 -3.17
-1.16 -3.18
-0.98 -3.18
-0.80 -3.18
-0.62 -3.18
-0.44 -3.18
-0.26 -3.18
-0.15 -3.18
0.10 -3.18
0.28 -3.18
0.47 -3.18
0.65 -3.18
0.83 -3.18
1.74 -3.19
4.94 -3.17
5.26 -3.12
19.78 -3.18
-2.33 -3.13
-2.17 -3.15
-1.99 -3.16
-1.81 -3.16
-1.63 -3.17
-1.45 -3.17
-1.27 -3.17
-1.09 -3.18
-0.91 -3.18
-0.73 -3.18
-0.55 -3.18
-0.37 -3.18
-0.19 -3.18
-0.08 -3.18
0.17 -3.18
0.36 -3.18
0.54 -3.18
0.72 -3.18
0.90 -3.18
1.63 -3.19
1.81 -3.18
5.72 -3.11
20.93 -3.18
-2.27 -3.15
-2.09 -3.16
-1.91 -3.16
-1.73 -3.16
-1.55 -3.17
-1.37 -3.17
-1.19 -3.18
-1.01 -3.18
-0.83 -3.18
-0.65 -3.18
-0.47 -3.18
-0.29 -3.18
-0.01 -3.18
0.07 -3.18
0.25 -3.18
0.43 -3.18
0.61 -3.18
0.79 -3.18
0.97 -3.18
1.70 -3.19
4.72 -3.18
4.87 -3.15
5.16 -3.09
-2.33 -3.13
-2.17 -3.15
-1.99 -3.16
-1.81 -3.16
-1.63 -3.17
-1.45 -3.17
-1.27 -3.17
-1.09 -3.18
-0.91 -3.18
-0.73 -3.18
-0.55 -3.18
-0.37 -3.18
-0.19 -3.18
-0.11 -3.18
0.17 -3.18
0.35 -3.18
0.53 -3.18
0.71 -3.18
0.89 -3.18
1.62 -3.19
1.80 -3.18
4.82 -3.18
4.97 -3.14
5.08 -3.09
5.68 -3.09
6.25 -3.18
6.47 -3.18
-2.24 -3.15
-2.06 -3.16
-1.88 -3.16
-1.70 -3.17
-1.52 -3.17
-1.34 -3.17
-1.16 -3.18
-0.98 -3.18
-0.80 -3.18
-0.62 -3.18
-0.44 -3.18
-0.26 -3.18
-0.01 -3.18
0.11 -3.18
0.29 -3.18
0.47 -3.18
0.65 -3.18
0.83 -3.18
1.74 -3.19
4.92 -3.15
5.21 -3.08
6.09 -3.13
6.38 -3.17
-2.30 -3.13
-2.14 -3.15
-1.96 -3.16
-1.78 -3.16
-1.60 -3.17
-1.42 -3.17
-1.24 -3.17
-1.06 -3.18
-0.88 -3.18
-0.70 -3.18
-0.52 -3.18
-0.34 -3.18
-0.07 -3.18
0.03 -3.18
0.21 -3.18
0.39 -3.18
0.57 -3.18
0.75 -3.18
0.93 -3.18
1.66 -3.19
1.84 -3.18
2.40 -3.19
5.12 -3.09
-2.22 -3.15
-2.05 -3.16
-1.87 -3.16
-1.69 -3.17
-1.51 -3.17
-1.33 -3.17
-1.15 -3.18
-0.96 -3.18
-0.78 -3.18
-0.60 -3.18
-0.42 -3.18
-0.24 -3.18
-0.15 -3.18
0.12 -3.18
0.30 -3.18
0.48 -3.18
0.66 -3.18
0.85 -3.18
1.76 -3.18
5.29 -3.12
5.46 -3.11
5.74 -3.04
19.79 -3.18
20.79 -3.18
21.36 -3.16
-2.30 -3.13
-2.13 -3.15
-1.95 -3.16
-1.77 -3.16
-1.59 -3.17
-1.41 -3.17
-1.23 -3.17
-1.05 -3.18
-0.87 -3.18
-0.69 -3.18
-0.51 -3.18
-0.33 -3.18
-0.06 -3.18
0.04 -3.18
0.22 -3.18
0.40 -3.18
0.58 -3.18
0.76 -3.18
0.94 -3.18
1.67 -3.19
4.84 -3.15
5.13 -3.09
19.31 -3.18
-2.33 -3.13
-2.16 -3.15
-1.98 -3.16
-1.80 -3.16
-1.62 -3.17
-1.44 -3.17
-1.26 -3.17
-1.08 -3.18
-0.90 -3.18
-0.72 -3.18
-0.54 -3.18
-0.36 -3.18
-0.15 -3.18
0.00 -3.18
0.19 -3.18
0.37 -3.18
0.55 -3.18
0.73 -3.18
0.91 -3.18
1.64 -3.19
1.82 -3.18
2.38 -3.19
4.82 -3.15
5.00 -3.14
21.05 -3.18
21.56 -3.18
-2.34 -3.13
-2.18 -3.15
-2.00 -3.16
-1.82 -3.16
-1.64 -3.17
-1.46 -3.17
-1.28 -3.17
-1.09 -3.18
-0.91 -3.18
-0.73 -3.18
-0.55 -3.18
-0.37 -3.18
-0.19 -3.18
-0.18 -3.18
0.17 -3.18
0.35 -3.18
0.53 -3.18
0.71 -3.18
0.90 -3.18
1.63 -3.19
1.81 -3.18
4.69 -3.08
4.92 -3.10
5.10 -3.09
18.76 -3.19
-2.25 -3.15
-2.07 -3.16
-1.90 -3.16
-1.71 -3.16
-1.54 -3.17
-1.36 -3.17
-1.17 -3.18
-0.99 -3.18
-0.81 -3.18
-0.63 -3.18
-0.45 -3.18
-0.27 -3.18
-0.01 -3.18
0.09 -3.18
0.27 -3.18
0.46 -3.18
0.64 -3.18
0.82 -3.18
1.73 -3.19
4.90 -3.15
17.70 -3.19
20.70 -3.17
21.20 -3.17
-2.19 -3.15
-2.01 -3.16
-1.83 -3.16
-1.65 -3.17
-1.47 -3.17
-1.29 -3.17
-1.11 -3.18
-0.93 -3.18
-0.75 -3.18
-0.57 -3.18
-0.38 -3.18
-0.20 -3.18
-0.09 -3.18
0.67 -2.92
0.85 -2.91
1.03 -2.91
3.96 -2.88
4.08 -2.83
4.31 -2.86
4.49 -2.85
4.90 -2.86
5.29 -2.86
-2.25 -2.87
-2.08 -2.89
-1.89 -2.88
-1.72 -2.90
-1.53 -2.88
-1.35 -2.89
-1.17 -2.89
-1.00 -2.89
-0.82 -2.89
-0.64 -2.90
-0.46 -2.90
0.62 -2.92
0.80 -2.91
0.99 -2.91
3.93 -2.90
4.44 -2.85
4.61 -2.84
4.85 -2.87
5.03 -2.86
5.30 -2.90
-2.17 -2.89
-1.99 -2.89
-1.81 -2.90
-1.62 -2.88
-1.44 -2.89
-1.26 -2.89
-1.09 -2.91
-0.91 -2.89
-0.73 -2.90
0.71 -2.92
0.89 -2.91
3.98 -2.88
4.21 -2.90
4.34 -2.86
4.57 -2.88
4.96 -2.88
-2.25 -2.87
-2.09 -2.89
-1.89 -2.88
-1.73 -2.90
-1.54 -2.88
-1.36 -2.89
-1.18 -2.89
-1.00 -2.89
-0.82 -2.89
-0.64 -2.90
-0.46 -2.90
-0.28 -2.90
0.80 -2.91
0.98 -2.91
3.92 -2.90
4.10 -2.89
4.20 -2.83
4.37 -2.82
5.02 -2.86
5.26 -2.88
5.43 -2.87
-2.30 -2.87
-2.13 -2.87
-1.96 -2.89
-1.78 -2.90
-1.59 -2.88
-1.41 -2.89
-1.23 -2.89
-1.05 -2.89
-0.87 -2.89
-0.69 -2.90
-0.51 -2.90
0.75 -2.91
0.93 -2.91
4.03 -2.87
4.21 -2.86
4.44 -2.89
4.80 -2.87
4.91 -2.82
5.15 -2.85
5.33 -2.84
5.61 -2.88
-2.16 -2.89
-1.98 -2.89
-1.80 -2.90
-1.61 -2.88
-1.43 -2.89
-1.25 -2.89
-1.07 -2.89
-0.89 -2.89
-0.71 -2.90
0.73 -2.91
0.91 -2.91
1.09 -2.91
4.75 -2.85
4.96 -2.86
5.13 -2.85
5.31 -2.84
5.59 -2.88
-2.25 -2.87
-2.08 -2.89
-1.89 -2.88
-1.73 -2.90
-1.54 -2.88
-1.36 -2.89
-1.18 -2.89
-1.00 -2.89
-0.82 -2.89
-0.64 -2.90
-0.46 -2.90
-0.28 -2.90
0.80 -2.91
0.98 -2.91
3.93 -2.90
4.03 -2.83
5.02 -2.86
5.27 -2.88
5.48 -2.89
-2.20 -2.87
-2.04 -2.89
-1.86 -2.90
-1.67 -2.88
-1.49 -2.89
-1.31 -2.89
-1.14 -2.91
-0.95 -2.89
-0.77 -2.90
-0.60 -2.90
0.67 -2.92
0.85 -2.91
1.03 -2.91
3.95 -2.88
4.13 -2.87
4.30 -2.86
4.48 -2.85
4.89 -2.87
-2.27 -2.87
-2.10 -2.89
-1.92 -2.89
-1.74 -2.90
-1.56 -2.90
-1.38 -2.89
-1.20 -2.89
-1.02 -2.89
-0.84 -2.91
-0.66 -2.90
-0.48 -2.90
-0.30 -2.90
0.78 -2.91
0.96 -2.91
3.92 -2.90
4.10 -2.89
4.19 -2.83
4.42 -2.85
5.01 -2.86
5.29 -2.90
5.44 -2.87
-2.15 -2.89
-1.97 -2.89
-1.79 -2.90
-1.60 -2.88
-1.42 -2.89
-1.25 -2.89
-1.07 -2.89
-0.89 -2.89
-0.71 -2.90
0.73 -2.91
0.91 -2.91
4.02 -2.87
4.19 -2.87
4.46 -2.91
4.64 -2.90
4.78 -2.87
4.90 -2.82
5.14 -2.85
5.31 -2.84
-2.20 -2.87
-2.04 -2.89
-1.86 -2.90
-1.67 -2.88
-1.49 -2.89
-1.31 -2.89
-1.14 -2.91
-0.95 -2.89
-0.77 -2.90
-0.59 -2.90
-0.42 -2.90
0.67 -2.92
0.85 -2.91
1.03 -2.91
3.95 -2.88
4.52 -2.87
4.90 -2.86
5.22 -2.82
-2.26 -2.87
-2.09 -2.89
-1.91 -2.90
-1.73 -2.90
-1.54 -2.88
-1.36 -2.89
-1.18 -2.89
-1.01 -2.89
-0.83 -2.91
-0.65 -2.90
-0.47 -2.90
-0.29 -2.90
0.80 -2.91
0.98 -2.91
3.92 -2.90
4.10 -2.89
4.20 -2.83
4.43 -2.85
4.60 -2.84
4.72 -2.80
-2.19 -2.89
-2.01 -2.89
-1.83 -2.90
-1.64 -2.88
-1.46 -2.89
-1.28 -2.89
-1.11 -2.91
-0.92 -2.89
-0.74 -2.90
0.69 -2.92
0.88 -2.91
1.06 -2.91
4.33 -2.86
4.57 -2.88
-2.30 -2.87
-2.12 -2.87
-1.96 -2.89
-1.78 -2.90
-1.59 -2.88
-1.41 -2.89
-1.23 -2.89
-1.05 -2.89
-0.87 -2.89
-0.69 -2.90
-0.51 -2.90
-0.34 -2.90
0.74 -2.91
0.92 -2.91
4.01 -2.88
4.19 -2.87
4.42 -2.89
4.63 -2.90
4.78 -2.87
4.89 -2.83
5.10 -2.83
5.34 -2.86
5.59 -2.88
-2.28 -2.87
-2.11 -2.89
-1.93 -2.89
-1.75 -2.90
-1.57 -2.90
-1.39 -2.89
-1.21 -2.89
-1.03 -2.89
-0.85 -2.91
-0.67 -2.90
-0.49 -2.90
-0.31 -2.90
0.77 -2.91
0.95 -2.91
1.13 -2.91
4.07 -2.89
4.66 -2.90
4.84 -2.89
4.92 -2.82
5.16 -2.85
5.37 -2.85
-2.23 -2.87
-2.06 -2.89
-1.88 -2.90
-1.70 -2.90
-1.51 -2.88
-1.34 -2.89
-1.16 -2.89
-0.98 -2.89
-0.80 -2.90
-0.62 -2.90
-0.44 -2.90
0.64 -2.92
0.81 -2.91
0.99 -2.91
3.91 -2.88
3.98 -2.80
4.62 -2.84
4.79 -2.83
5.27 -2.88
-2.16 -2.89
-1.98 -2.89
-1.81 -2.90
-1.61 -2.88
-1.44 -2.89
-1.26 -2.89
-1.08 -2.91
-0.90 -2.89
-0.72 -2.90
0.72 -2.91
0.90 -2.91
4.00 -2.88
4.24 -2.90
4.41 -2.89
4.59 -2.88
4.77 -2.87
-2.26 -2.87
-2.10 -2.89
-1.92 -2.90
-1.74 -2.90
-1.55 -2.88
-1.37 -2.89
-1.19 -2.89
-1.01 -2.89
-0.83 -2.89
-0.65 -2.90
-0.47 -2.90
-0.29 -2.90
0.79 -2.91
0.97 -2.91
3.93 -2.90
4.11 -2.89
4.20 -2.83
4.43 -2.85
4.61 -2.84
5.03 -2.86
5.24 -2.86
-2.19 -2.89
-2.01 -2.89
-1.83 -2.90
-1.64 -2.88
-1.47 -2.90
-1.28 -2.89
-1.11 -2.91
-0.92 -2.89
-0.74 -2.90
0.69 -2.92
0.87 -2.91
1.05 -2.91
3.97 -2.88
4.18 -2.89
4.36 -2.88
4.50 -2.85
4.68 -2.84
4.92 -2.86
5.09 -2.85
5.30 -2.86
5.55 -2.88
5.80 -2.91
-2.16 -2.89
-1.98 -2.89
-1.80 -2.90
-1.61 -2.88
-1.43 -2.89
-1.25 -2.89
-1.07 -2.89
-0.89 -2.89
-0.71 -2.90
0.73 -2.91
0.91 -2.91
1.09 -2.91
3.96 -2.84
4.21 -2.88
4.45 -2.91
4.63 -2.90
4.71 -2.84
4.83 -2.79
5.06 -2.81
-2.28 -2.87
-2.10 -2.87
-1.93 -2.89
-1.75 -2.90
-1.56 -2.88
-1.39 -2.89
-1.21 -2.89
-1.03 -2.89
-0.85 -2.89
-0.67 -2.90
-0.49 -2.90
0.14 -2.63
0.49 -2.63
1.22 -2.64
3.38 -2.60
3.53 -2.58
3.76 -2.61
3.96 -2.61
4.13 -2.61
4.34 -2.61
4.52 -2.61
4.72 -2.61
4.93 -2.62
-2.24 -2.59
-2.08 -2.61
-1.90 -2.61
-1.72 -2.62
-1.55 -2.62
-1.37 -2.62
-1.19 -2.63
-1.01 -2.63
-0.83 -2.63
-0.65 -2.63
-0.47 -2.63
-0.29 -2.63
-0.04 -2.63
0.07 -2.63
0.25 -2.63
1.15 -2.64
3.86 -2.60
4.06 -2.61
4.16 -2.55
4.39 -2.58
4.62 -2.60
4.79 -2.59
5.03 -2.61
-2.24 -2.59
-2.08 -2.61
-1.90 -2.61
-1.72 -2.62
-1.54 -2.62
-1.37 -2.62
-1.19 -2.63
-1.01 -2.63
-0.83 -2.63
-0.65 -2.63
-0.47 -2.63
-0.29 -2.63
-0.11 -2.63
0.07 -2.63
0.25 -2.63
1.15 -2.64
4.56 -2.57
5.28 -2.64
-2.25 -2.59
-2.09 -2.61
-1.91 -2.61
-1.73 -2.62
-1.55 -2.62
-1.38 -2.62
-1.20 -2.63
-1.02 -2.63
-0.84 -2.63
-0.66 -2.63
-0.48 -2.63
-0.30 -2.63
-0.11 -2.63
0.05 -2.63
0.23 -2.63
1.13 -2.64
3.46 -2.60
3.68 -2.63
3.76 -2.55
4.01 -2.59
-2.27 -2.59
-2.10 -2.61
-1.93 -2.61
-1.75 -2.62
-1.57 -2.62
-1.39 -2.62
-1.21 -2.63
-1.04 -2.63
-0.86 -2.63
-0.68 -2.63
-0.50 -2.63
-0.32 -2.63
-0.12 -2.63
0.04 -2.63
0.22 -2.63
0.39 -2.63
1.11 -2.64
3.44 -2.60
3.67 -2.63
4.55 -2.59
-2.06 -2.61
-1.88 -2.61
-1.71 -2.62
-1.53 -2.62
-1.35 -2.62
-1.17 -2.63
-0.99 -2.63
-0.82 -2.63
-0.64 -2.63
-0.46 -2.63
-0.28 -2.63
-0.14 -2.63
0.08 -2.63
0.26 -2.63
1.16 -2.64
4.22 -2.58
4.86 -2.62
-2.25 -2.59
-2.08 -2.61
-1.91 -2.61
-1.73 -2.62
-1.55 -2.62
-1.37 -2.62
-1.20 -2.63
-1.02 -2.63
-0.84 -2.63
-0.66 -2.63
-0.48 -2.63
-0.30 -2.63
-0.10 -2.63
0.06 -2.63
0.23 -2.63
1.13 -2.64
1.32 -2.64
4.20 -2.59
4.46 -2.63
4.55 -2.57
4.76 -2.57
-2.35 -2.55
-2.22 -2.61
-2.05 -2.61
-1.87 -2.61
-1.69 -2.62
-1.51 -2.62
-1.33 -2.62
-1.15 -2.63
-0.97 -2.63
-0.80 -2.63
-0.62 -2.63
-0.44 -2.63
-0.26 -2.63
-0.12 -2.63
0.10 -2.63
0.28 -2.63
1.18 -2.64
3.45 -2.55
3.65 -2.56
3.90 -2.60
4.08 -2.59
4.69 -2.61
4.90 -2.62
5.08 -2.61
5.32 -2.63
21.31 -2.64
-2.29 -2.57
-2.15 -2.61
-1.97 -2.61
-1.79 -2.62
-1.61 -2.62
-1.43 -2.62
-1.25 -2.62
-1.07 -2.63
-0.89 -2.63
-0.72 -2.63
-0.54 -2.63
-0.36 -2.63
-0.08 -2.63
0.00 -2.63
0.18 -2.63
1.08 -2.64
3.42 -2.60
3.62 -2.61
3.83 -2.62
4.33 -2.58
4.51 -2.57
-2.18 -2.61
-2.00 -2.61
-1.82 -2.61
-1.65 -2.62
-1.47 -2.62
-1.29 -2.62
-1.11 -2.63
-0.93 -2.63
-0.75 -2.63
-0.57 -2.63
-0.39 -2.63
-0.21 -2.63
-0.18 -2.63
0.15 -2.63
0.33 -2.63
0.50 -2.63
1.23 -2.64
3.39 -2.60
3.54 -2.58
3.76 -2.61
3.97 -2.61
4.12 -2.59
4.35 -2.61
4.56 -2.62
4.70 -2.60
4.82 -2.55
-2.18 -2.61
-2.01 -2.61
-1.83 -2.61
-1.65 -2.62
-1.47 -2.62
-1.29 -2.62
-1.11 -2.63
-0.94 -2.63
-0.76 -2.63
-0.58 -2.63
-0.40 -2.63
-0.22 -2.63
-0.03 -2.63
0.14 -2.63
0.32 -2.63
1.22 -2.64
3.40 -2.62
3.86 -2.55
4.11 -2.59
4.34 -2.61
4.55 -2.62
4.75 -2.63
4.90 -2.60
5.14 -2.63
5.35 -2.63
-2.24 -2.61
-2.06 -2.61
-1.88 -2.61
-1.70 -2.62
-1.52 -2.62
-1.34 -2.62
-1.17 -2.63
-0.99 -2.63
-0.81 -2.63
-0.63 -2.63
-0.45 -2.63
-0.27 -2.63
-0.04 -2.63
0.09 -2.63
0.27 -2.63
1.17 -2.64
3.83 -2.57
4.00 -2.56
4.23 -2.58
4.49 -2.62
5.06 -2.61
5.30 -2.63
-2.27 -2.59
-2.11 -2.61
-1.93 -2.61
-1.75 -2.62
-1.58 -2.62
-1.40 -2.62
-1.22 -2.63
-1.04 -2.63
-0.86 -2.63
-0.68 -2.63
-0.50 -2.63
-0.33 -2.63
-0.09 -2.63
0.03 -2.63
0.21 -2.63
0.39 -2.63
1.11 -2.64
3.45 -2.60
3.67 -2.63
3.75 -2.55
4.00 -2.59
4.18 -2.59
4.30 -2.54
4.53 -2.57
-2.19 -2.61
-2.01 -2.61
-1.83 -2.61
-1.65 -2.62
-1.48 -2.62
-1.30 -2.62
-1.12 -2.63
-0.94 -2.63
-0.76 -2.63
-0.58 -2.63
-0.40 -2.63
-0.22 -2.63
-0.15 -2.63
0.13 -2.63
0.31 -2.63
1.22 -2.64
3.39 -2.62
3.50 -2.56
3.75 -2.61
3.95 -2.61
4.10 -2.59
4.72 -2.61
4.90 -2.60
5.10 -2.61
5.35 -2.63
-2.25 -2.59
-2.09 -2.61
-1.91 -2.61
-1.73 -2.62
-1.55 -2.62
-1.38 -2.62
-1.20 -2.63
-1.02 -2.63
-0.84 -2.63
-0.66 -2.63
-0.48 -2.63
-0.30 -2.63
-0.05 -2.63
0.06 -2.63
0.24 -2.63
1.14 -2.64
3.85 -2.60
4.03 -2.59
4.23 -2.60
4.46 -2.63
4.55 -2.57
4.73 -2.56
-2.28 -2.59
-2.12 -2.61
-1.94 -2.61
-1.76 -2.62
-1.58 -2.62
-1.40 -2.62
-1.22 -2.63
-1.05 -2.63
-0.87 -2.63
-0.69 -2.63
-0.51 -2.63
-0.33 -2.63
-0.12 -2.63
0.03 -2.63
0.21 -2.63
0.39 -2.63
1.11 -2.64
3.45 -2.60
3.68 -2.63
3.75 -2.55
4.00 -2.59
4.59 -2.60
-2.29 -2.57
-2.14 -2.61
-1.96 -2.61
-1.78 -2.62
-1.60 -2.62
-1.43 -2.62
-1.25 -2.62
-1.07 -2.63
-0.89 -2.63
-0.71 -2.63
-0.53 -2.63
-0.35 -2.63
-0.15 -2.63
0.01 -2.63
0.19 -2.63
0.36 -2.63
1.09 -2.64
3.42 -2.60
3.60 -2.59
3.82 -2.62
4.00 -2.61
4.10 -2.55
-2.23 -2.61
-2.05 -2.61
-1.88 -2.61
-1.70 -2.62
-1.52 -2.62
-1.34 -2.62
-1.16 -2.63
-0.98 -2.63
-0.81 -2.63
-0.63 -2.63
-0.45 -2.63
-0.27 -2.63
-0.17 -2.63
0.09 -2.63
0.27 -2.63
1.17 -2.64
3.44 -2.55
3.63 -2.56
3.83 -2.57
4.01 -2.56
4.64 -2.60
4.88 -2.62
5.06 -2.61
5.30 -2.63
-2.19 -2.61
-2.01 -2.61
-1.83 -2.61
-1.65 -2.62
-1.47 -2.62
-1.30 -2.62
-1.12 -2.63
-0.94 -2.63
-0.76 -2.63
-0.58 -2.63
-0.40 -2.63
-0.22 -2.63
-0.09 -2.63
0.14 -2.63
0.32 -2.63
1.22 -2.64
3.38 -2.60
3.51 -2.56
3.71 -2.57
3.96 -2.61
4.13 -2.61
4.72 -2.61
4.90 -2.60
5.11 -2.61
5.35 -2.63
-2.26 -2.59
-2.09 -2.61
-1.91 -2.61
-1.74 -2.62
-1.56 -2.62
-1.38 -2.62
-1.20 -2.63
-1.02 -2.63
-0.84 -2.63
-0.66 -2.63
-0.48 -2.63
-0.30 -2.63
-0.04 -2.63
0.06 -2.63
0.24 -2.63
1.14 -2.64
3.86 -2.60
4.03 -2.59
4.16 -2.55
4.33 -2.54
4.56 -2.57
5.25 -2.62
-2.28 -2.59
-2.12 -2.61
-1.94 -2.61
-1.76 -2.62
-1.59 -2.62
-1.41 -2.62
-1.23 -2.63
-1.05 -2.63
-0.87 -2.63
-0.69 -2.63
-0.51 -2.63
-0.33 -2.63
-0.12 -2.63
2.42 -2.32
2.58 -2.30
2.75 -2.30
3.38 -2.36
3.56 -2.35
3.74 -2.34
3.94 -2.35
4.06 -2.31
-2.23 -2.33
-2.08 -2.36
-1.90 -2.37
-1.71 -2.35
-1.53 -2.36
-1.35 -2.36
-1.17 -2.36
-1.00 -2.36
-0.82 -2.37
-0.64 -2.37
-0.46 -2.37
-0.28 -2.37
2.38 -2.32
2.53 -2.30
2.71 -2.30
2.90 -2.31
3.12 -2.33
3.31 -2.34
3.49 -2.34
3.67 -2.33
3.84 -2.32
4.02 -2.32
4.24 -2.34
-2.38 -2.36
-2.19 -2.34
-2.03 -2.36
-1.85 -2.37
-1.66 -2.35
-1.48 -2.36
-1.30 -2.36
-1.13 -2.36
-0.95 -2.36
-0.77 -2.37
-0.59 -2.37
-0.41 -2.37
-0.24 -2.37
-0.10 -2.37
2.42 -2.32
2.57 -2.30
2.75 -2.30
3.37 -2.36
3.53 -2.34
3.73 -2.34
3.93 -2.35
4.05 -2.31
-2.20 -2.34
-2.04 -2.36
-1.86 -2.37
-1.67 -2.35
-1.49 -2.36
-1.31 -2.36
-1.14 -2.36
-0.96 -2.36
-0.78 -2.37
-0.60 -2.37
-0.42 -2.37
-0.24 -2.37
2.41 -2.32
2.57 -2.30
2.76 -2.31
2.93 -2.31
3.15 -2.33
3.37 -2.36
3.55 -2.35
3.72 -2.34
3.95 -2.37
4.05 -2.32
-2.20 -2.34
-2.03 -2.36
-1.86 -2.37
-1.67 -2.35
-1.49 -2.36
-1.31 -2.36
-1.13 -2.36
-0.95 -2.36
-0.78 -2.37
-0.60 -2.37
-0.42 -2.37
2.41 -2.32
2.57 -2.30
2.76 -2.31
3.37 -2.36
3.55 -2.35
3.72 -2.34
3.93 -2.35
4.05 -2.31
-2.33 -2.31
-2.18 -2.34
-2.02 -2.36
-1.84 -2.37
-1.65 -2.35
-1.47 -2.36
-1.29 -2.36
-1.12 -2.36
-0.94 -2.36
-0.76 -2.37
-0.58 -2.37
-0.40 -2.37
2.43 -2.32
2.58 -2.30
2.76 -2.30
2.95 -2.31
3.19 -2.35
3.41 -2.37
3.56 -2.35
3.74 -2.34
3.94 -2.35
4.09 -2.33
-2.26 -2.31
-2.13 -2.36
-1.95 -2.36
-1.76 -2.35
-1.58 -2.36
-1.40 -2.36
-1.22 -2.36
-1.05 -2.36
-0.87 -2.36
-0.69 -2.37
-0.51 -2.37
-0.33 -2.37
2.49 -2.30
2.66 -2.30
2.83 -2.30
3.05 -2.32
3.24 -2.33
3.46 -2.35
3.62 -2.33
3.84 -2.36
3.97 -2.32
4.17 -2.33
4.37 -2.33
-2.25 -2.31
-2.12 -2.36
-1.94 -2.36
-1.75 -2.35
-1.57 -2.36
-1.40 -2.36
-1.22 -2.36
-1.04 -2.36
-0.86 -2.36
-0.68 -2.37
-0.51 -2.37
-0.33 -2.37
-0.15 -2.37
2.50 -2.32
2.68 -2.32
2.83 -2.30
3.07 -2.34
3.24 -2.33
3.46 -2.35
3.62 -2.33
3.87 -2.37
3.97 -2.32
4.17 -2.33
-2.28 -2.31
-2.15 -2.36
-1.97 -2.36
-1.78 -2.35
-1.60 -2.36
-1.42 -2.36
-1.24 -2.36
-1.06 -2.36
-0.89 -2.36
-0.71 -2.37
-0.53 -2.37
-0.35 -2.37
-0.15 -2.37
2.47 -2.31
2.64 -2.30
2.82 -2.30
3.03 -2.32
-2.16 -2.36
-1.98 -2.36
-1.80 -2.37
-1.61 -2.36
-1.44 -2.36
-1.26 -2.36
-1.08 -2.36
-0.90 -2.36
-0.72 -2.37
-0.54 -2.37
-0.36 -2.37
2.46 -2.31
2.63 -2.30
2.81 -2.30
3.02 -2.32
4.17 -2.34
-2.26 -2.31
-2.13 -2.36
-1.95 -2.36
-1.76 -2.35
-1.58 -2.36
-1.40 -2.36
-1.22 -2.36
-1.04 -2.36
-0.87 -2.36
-0.69 -2.37
-0.51 -2.37
-0.33 -2.37
2.48 -2.31
2.67 -2.32
2.83 -2.30
3.04 -2.32
3.24 -2.33
3.46 -2.35
3.59 -2.32
4.19 -2.34
-2.29 -2.31
-2.14 -2.34
-1.98 -2.36
-1.80 -2.37
-1.61 -2.36
-1.43 -2.36
-1.25 -2.36
-1.07 -2.36
-0.89 -2.36
-0.71 -2.37
-0.54 -2.37
-0.36 -2.37
-0.15 -2.37
2.48 -2.32
2.63 -2.30
2.81 -2.30
3.00 -2.31
3.89 -2.29
4.12 -2.31
-2.23 -2.33
-2.09 -2.36
-1.91 -2.37
-1.72 -2.35
-1.54 -2.36
-1.36 -2.36
-1.18 -2.36
-1.00 -2.36
-0.83 -2.37
-0.65 -2.37
-0.47 -2.37
-0.29 -2.37
2.39 -2.34
2.53 -2.30
2.70 -2.30
3.28 -2.33
3.78 -2.29
4.03 -2.33
4.23 -2.34
4.47 -2.36
-2.26 -2.31
-2.12 -2.36
-1.94 -2.36
-1.75 -2.35
-1.58 -2.36
-1.40 -2.36
-1.22 -2.36
-1.04 -2.36
-0.86 -2.36
-0.68 -2.37
-0.51 -2.37
-0.33 -2.37
-0.11 -2.37
2.48 -2.30
2.66 -2.30
2.83 -2.30
3.06 -2.34
3.22 -2.31
3.41 -2.32
-2.28 -2.31
-2.14 -2.36
-1.97 -2.36
-1.78 -2.35
-1.60 -2.36
-1.42 -2.36
-1.24 -2.36
-1.06 -2.36
-0.89 -2.36
-0.71 -2.37
-0.53 -2.37
-0.35 -2.37
-0.15 -2.37
2.46 -2.31
2.64 -2.30
3.26 -2.36
3.44 -2.36
-2.26 -2.31
-2.13 -2.36
-1.95 -2.36
-1.76 -2.35
-1.58 -2.36
-1.41 -2.36
-1.23 -2.36
-1.05 -2.36
-0.87 -2.36
-0.70 -2.37
-0.52 -2.37
-0.34 -2.37
-0.17 -2.37
2.47 -2.31
2.64 -2.30
2.82 -2.30
3.03 -2.32
3.27 -2.36
3.42 -2.34
3.90 -2.29
4.15 -2.33
-2.25 -2.33
-2.10 -2.36
-1.91 -2.35
-1.73 -2.35
-1.55 -2.36
-1.37 -2.36
-1.19 -2.36
-1.02 -2.36
-0.84 -2.37
-0.66 -2.37
-0.48 -2.37
-0.30 -2.37
-0.16 -2.37
2.39 -2.37
2.50 -2.30
2.68 -2.30
3.26 -2.33
3.45 -2.34
3.98 -2.32
4.18 -2.33
-2.24 -2.33
-2.09 -2.36
-1.90 -2.35
-1.73 -2.35
-1.55 -2.36
-1.37 -2.36
-1.19 -2.36
-1.02 -2.36
-0.84 -2.37
-0.66 -2.37
-0.48 -2.37
-0.30 -2.37
-0.12 -2.37
2.37 -2.34
2.53 -2.32
2.71 -2.31
3.27 -2.33
3.82 -2.32
4.00 -2.32
4.23 -2.34
-2.27 -2.31
-2.14 -2.36
-1.96 -2.36
-1.77 -2.35
-1.59 -2.36
-1.41 -2.36
-1.23 -2.36
-1.05 -2.36
-0.87 -2.36
-0.70 -2.37
-0.52 -2.37
-0.34 -2.37
-0.12 -2.37
2.48 -2.30
2.66 -2.30
2.83 -2.30
3.06 -2.34
3.24 -2.33
3.46 -2.35
3.92 -2.29
4.17 -2.33
-2.16 -2.34
-2.00 -2.36
-1.82 -2.37
-1.63 -2.36
-1.45 -2.36
-1.27 -2.36
-1.09 -2.36
-0.91 -2.36
-0.73 -2.37
-0.55 -2.37
-0.37 -2.37
-0.16 -2.37
2.45 -2.31
2.62 -2.30
2.80 -2.30
3.01 -2.32
3.23 -2.35
3.40 -2.34
4.16 -2.34
-2.38 -2.36
-2.19 -2.34
-2.03 -2.36
-1.85 -2.37
-1.66 -2.35
-1.48 -2.36
-1.30 -2.36
-1.13 -2.36
-0.95 -2.36
-0.77 -2.37
-0.59 -2.37
-0.41 -2.37
0.03 -1.84
0.21 -1.84
0.39 -1.84
0.57 -1.84
0.75 -1.84
0.93 -1.84
1.45 -1.82
1.58 -1.77
1.77 -1.78
1.94 -1.77
2.13 -1.78
2.28 -1.77
2.83 -1.78
3.01 -1.78
3.24 -1.81
3.40 -1.79
3.59 -1.80
3.79 -1.81
4.04 -1.83
-2.16 -1.81
-1.99 -1.82
-1.80 -1.81
-1.63 -1.82
-1.45 -1.82
-1.28 -1.82
-1.10 -1.82
-0.92 -1.82
-0.75 -1.82
-0.57 -1.83
-0.39 -1.83
-0.22 -1.84
-0.14 -1.83
0.14 -1.84
0.32 -1.84
0.49 -1.84
0.67 -1.84
0.85 -1.84
1.38 -1.83
1.52 -1.78
1.69 -1.78
1.85 -1.76
2.04 -1.77
2.24 -1.79
2.43 -1.80
2.57 -1.78
2.76 -1.78
3.34 -1.81
3.52 -1.80
-2.26 -1.78
-2.13 -1.82
-1.95 -1.82
-1.77 -1.83
-1.58 -1.82
-1.41 -1.82
-1.23 -1.82
-1.05 -1.82
-0.88 -1.82
-0.70 -1.82
-0.53 -1.84
-0.35 -1.83
-0.04 -1.84
0.01 -1.84
0.19 -1.84
0.36 -1.84
0.54 -1.84
0.72 -1.84
1.43 -1.83
1.57 -1.78
1.74 -1.78
1.91 -1.77
2.10 -1.78
2.63 -1.79
2.81 -1.78
3.39 -1.80
3.59 -1.81
-2.24 -1.79
-2.10 -1.82
-1.92 -1.82
-1.74 -1.83
-1.56 -1.82
-1.38 -1.82
-1.20 -1.82
-1.03 -1.82
-0.85 -1.82
-0.67 -1.82
-0.50 -1.83
-0.32 -1.83
-0.17 -1.83
0.03 -1.84
0.21 -1.84
0.39 -1.84
0.57 -1.84
0.75 -1.84
1.45 -1.82
1.58 -1.77
1.76 -1.78
1.92 -1.76
2.12 -1.78
2.28 -1.77
2.84 -1.79
3.00 -1.78
3.21 -1.80
3.39 -1.79
3.56 -1.79
-2.25 -1.78
-2.12 -1.82
-1.94 -1.82
-1.77 -1.83
-1.58 -1.82
-1.40 -1.82
-1.23 -1.82
-1.05 -1.82
-0.87 -1.82
-0.70 -1.82
-0.53 -1.84
-0.34 -1.83
-0.14 -1.83
0.01 -1.84
0.19 -1.84
0.37 -1.84
0.54 -1.84
0.72 -1.84
1.43 -1.83
1.57 -1.78
1.74 -1.78
1.91 -1.78
2.08 -1.77
2.25 -1.77
2.80 -1.78
2.97 -1.78
3.19 -1.80
3.29 -1.76
3.53 -1.79
-2.24 -1.78
-2.11 -1.82
-1.93 -1.82
-1.75 -1.83
-1.57 -1.82
-1.39 -1.82
-1.21 -1.82
-1.04 -1.82
-0.86 -1.82
-0.69 -1.82
-0.51 -1.83
-0.33 -1.83
-0.17 -1.83
0.02 -1.84
0.20 -1.84
0.37 -1.84
0.55 -1.84
0.73 -1.84
1.44 -1.83
1.57 -1.78
1.74 -1.78
1.91 -1.77
2.10 -1.78
2.26 -1.77
2.81 -1.78
3.39 -1.80
3.58 -1.81
-2.21 -1.79
-2.05 -1.81
-1.89 -1.82
-1.71 -1.83
-1.52 -1.82
-1.35 -1.82
-1.17 -1.82
-0.99 -1.82
-0.82 -1.82
-0.64 -1.83
-0.46 -1.83
-0.29 -1.83
-0.16 -1.83
0.07 -1.84
0.25 -1.84
0.42 -1.84
0.60 -1.84
0.78 -1.84
1.48 -1.82
1.61 -1.77
1.79 -1.78
1.97 -1.77
2.17 -1.80
2.32 -1.78
2.88 -1.79
3.05 -1.79
3.20 -1.77
3.42 -1.79
3.61 -1.80
3.81 -1.80
4.07 -1.83
-2.24 -1.78
-2.11 -1.82
-1.93 -1.82
-1.74 -1.81
-1.56 -1.82
-1.39 -1.82
-1.21 -1.82
-1.04 -1.82
-0.86 -1.82
-0.68 -1.82
-0.50 -1.83
-0.33 -1.83
-0.11 -1.84
0.03 -1.84
0.21 -1.84
0.38 -1.84
0.56 -1.84
0.74 -1.84
1.45 -1.83
1.57 -1.77
1.76 -1.78
1.92 -1.76
2.12 -1.78
2.27 -1.77
2.82 -1.78
2.99 -1.78
3.21 -1.80
3.40 -1.80
3.60 -1.81
-2.27 -1.78
-2.14 -1.82
-1.96 -1.82
-1.77 -1.81
-1.59 -1.82
-1.42 -1.82
-1.24 -1.82
-1.06 -1.82
-0.89 -1.82
-0.71 -1.82
-0.53 -1.83
-0.36 -1.83
-0.18 -1.83
-0.15 -1.83
0.18 -1.84
0.35 -1.84
0.53 -1.84
0.71 -1.84
0.89 -1.84
1.42 -1.83
1.56 -1.78
1.73 -1.78
1.90 -1.78
2.07 -1.77
2.25 -1.77
2.45 -1.79
2.62 -1.79
2.80 -1.78
3.36 -1.79
3.58 -1.81
-2.16 -1.81
-2.00 -1.82
-1.82 -1.83
-1.64 -1.82
-1.46 -1.82
-1.28 -1.82
-1.11 -1.82
-0.93 -1.82
-0.75 -1.82
-0.57 -1.83
-0.40 -1.83
-0.22 -1.83
-0.00 -1.84
0.14 -1.84
0.31 -1.84
0.49 -1.84
0.67 -1.84
0.85 -1.84
1.38 -1.83
1.52 -1.78
1.69 -1.78
1.85 -1.76
2.44 -1.81
2.57 -1.78
2.76 -1.78
3.34 -1.81
3.53 -1.81
-2.24 -1.79
-2.09 -1.82
-1.91 -1.82
-1.73 -1.83
-1.55 -1.82
-1.37 -1.82
-1.19 -1.82
-1.02 -1.82
-0.84 -1.82
-0.66 -1.83
-0.48 -1.83
-0.31 -1.83
-0.04 -1.84
0.05 -1.84
0.23 -1.84
0.41 -1.84
0.58 -1.84
0.76 -1.84
0.94 -1.84
1.46 -1.82
1.60 -1.77
1.78 -1.78
1.94 -1.76
2.16 -1.80
2.31 -1.78
2.85 -1.78
3.04 -1.79
3.26 -1.81
3.41 -1.79
3.59 -1.79
-2.27 -1.78
-2.14 -1.82
-1.96 -1.82
-1.77 -1.81
-1.60 -1.82
-1.42 -1.82
-1.24 -1.82
-1.07 -1.82
-0.89 -1.82
-0.71 -1.82
-0.53 -1.83
-0.36 -1.83
-0.18 -1.84
-0.13 -1.83
0.18 -1.84
0.35 -1.84
0.53 -1.84
0.71 -1.84
0.89 -1.84
1.42 -1.83
1.56 -1.78
1.73 -1.78
1.89 -1.76
2.07 -1.77
2.62 -1.79
2.79 -1.78
2.97 -1.78
3.18 -1.80
3.38 -1.80
3.53 -1.79
-2.26 -1.78
-2.13 -1.82
-1.95 -1.82
-1.78 -1.83
-1.59 -1.82
-1.41 -1.82
-1.23 -1.82
-1.06 -1.82
-0.88 -1.82
-0.70 -1.82
-0.53 -1.83
-0.35 -1.83
-0.00 -1.84
0.00 -1.84
0.18 -1.84
0.36 -1.84
0.54 -1.84
0.72 -1.84
0.89 -1.84
1.43 -1.83
1.56 -1.78
1.74 -1.78
1.91 -1.78
2.09 -1.78
2.63 -1.79
2.80 -1.78
2.97 -1.78
3.19 -1.80
3.38 -1.80
-2.20 -1.79
-2.04 -1.81
-1.87 -1.82
-1.70 -1.83
-1.51 -1.82
-1.33 -1.82
-1.16 -1.82
-0.98 -1.82
-0.80 -1.82
-0.63 -1.83
-0.45 -1.83
-0.27 -1.83
-0.17 -1.83
0.08 -1.84
0.26 -1.84
0.44 -1.84
0.62 -1.84
0.79 -1.84
1.49 -1.82
1.63 -1.77
1.81 -1.78
1.98 -1.77
2.18 -1.80
2.36 -1.79
2.50 -1.76
2.70 -1.78
2.89 -1.79
3.07 -1.79
3.24 -1.78
3.46 -1.80
3.61 -1.79
-2.19 -1.79
-2.03 -1.81
-1.86 -1.82
-1.69 -1.83
-1.50 -1.82
-1.32 -1.82
-1.15 -1.82
-0.97 -1.82
-0.79 -1.82
-0.62 -1.83
-0.44 -1.83
-0.27 -1.83
-0.10 -1.84
0.09 -1.84
0.27 -1.84
0.44 -1.84
0.62 -1.84
0.80 -1.84
1.49 -1.81
1.63 -1.77
1.81 -1.78
1.98 -1.77
2.18 -1.79
2.36 -1.79
2.50 -1.76
2.70 -1.78
2.90 -1.79
3.07 -1.79
-2.26 -1.78
-2.13 -1.82
-1.95 -1.82
-1.76 -1.81
-1.59 -1.82
-1.41 -1.82
-1.24 -1.82
-1.06 -1.82
-0.89 -1.82
-0.71 -1.82
-0.53 -1.83
-0.36 -1.83
-0.18 -1.83
-0.09 -1.84
0.17 -1.84
0.35 -1.84
0.53 -1.84
0.70 -1.84
0.88 -1.84
1.41 -1.83
1.55 -1.78
1.72 -1.78
1.88 -1.76
2.06 -1.77
2.25 -1.78
2.47 -1.81
2.61 -1.79
2.78 -1.78
2.95 -1.78
3.16 -1.80
3.38 -1.82
3.51 -1.79
-2.35 -1.83
-2.14 -1.81
-1.98 -1.82
-1.79 -1.81
-1.62 -1.82
-1.44 -1.82
-1.26 -1.82
-1.09 -1.82
-0.91 -1.82
-0.73 -1.82
-0.56 -1.83
-0.38 -1.83
-0.21 -1.84
-0.01 -1.84
0.15 -1.84
0.33 -1.84
0.50 -1.84
0.68 -1.84
0.86 -1.84
1.39 -1.83
1.53 -1.78
1.70 -1.78
1.86 -1.76
2.04 -1.77
2.24 -1.79
2.42 -1.79
2.57 -1.77
2.76 -1.78
3.37 -1.82
-2.26 -1.78
-2.13 -1.82
-1.95 -1.82
-1.76 -1.81
-1.59 -1.82
-1.41 -1.82
-1.23 -1.82
-1.06 -1.82
-0.88 -1.82
-0.71 -1.82
-0.53 -1.84
-0.35 -1.83
-0.03 -1.84
0.00 -1.84
0.18 -1.84
0.36 -1.84
0.54 -1.84
0.72 -1.84
0.89 -1.84
1.43 -1.83
1.56 -1.78
1.73 -1.78
1.91 -1.78
2.08 -1.77
2.25 -1.77
2.80 -1.78
2.97 -1.78
3.18 -1.80
3.38 -1.80
3.53 -1.79
-2.16 -1.81
-1.99 -1.82
-1.82 -1.83
-1.63 -1.82
-1.45 -1.82
-1.28 -1.82
-1.10 -1.82
-0.92 -1.82
-0.75 -1.82
-0.57 -1.83
-0.40 -1.83
-0.22 -1.84
-0.17 -1.83
0.14 -1.84
0.31 -1.84
0.49 -1.84
0.67 -1.84
0.85 -1.84
1.38 -1.83
1.51 -1.78
1.69 -1.78
1.85 -1.76
2.03 -1.77
2.22 -1.78
2.42 -1.80
2.58 -1.79
3.12 -1.79
3.33 -1.81
3.51 -1.80
-2.21 -1.79
-2.05 -1.81
-1.89 -1.82
-1.71 -1.83
-1.53 -1.82
-1.35 -1.82
-1.17 -1.82
-1.00 -1.82
-0.82 -1.82
-0.64 -1.83
-0.46 -1.83
-0.29 -1.83
-0.04 -1.84
0.07 -1.84
0.25 -1.84
0.43 -1.84
0.60 -1.84
0.78 -1.84
1.48 -1.82
1.61 -1.77
1.80 -1.78
1.97 -1.77
2.17 -1.80
2.33 -1.78
2.48 -1.76
2.69 -1.78
2.88 -1.79
3.05 -1.79
3.59 -1.79
-2.24 -1.78
-2.11 -1.82
-1.93 -1.82
-1.76 -1.83
-1.57 -1.82
-1.39 -1.82
-1.21 -1.82
-1.04 -1.82
-0.86 -1.82
-0.68 -1.82
-0.51 -1.83
-0.33 -1.83
-0.11 -1.83
0.09 -1.57
0.27 -1.56
0.44 -1.56
0.62 -1.55
0.78 -1.52
0.95 -1.52
1.12 -1.52
1.28 -1.51
1.46 -1.51
1.63 -1.51
1.82 -1.52
1.99 -1.52
2.18 -1.53
2.33 -1.51
2.54 -1.53
2.71 -1.53
2.90 -1.53
3.06 -1.52
-2.14 -1.55
-1.97 -1.55
-1.79 -1.55
-1.62 -1.55
-1.44 -1.56
-1.26 -1.56
-1.09 -1.56
-0.91 -1.56
-0.73 -1.56
-0.56 -1.56
-0.38 -1.56
-0.20 -1.56
-0.09 -1.56
0.15 -1.56
0.33 -1.56
0.51 -1.56
0.68 -1.55
0.84 -1.52
1.01 -1.52
1.18 -1.52
1.35 -1.52
1.52 -1.51
1.70 -1.52
1.86 -1.51
2.06 -1.53
2.23 -1.53
2.39 -1.51
2.58 -1.52
2.75 -1.52
2.96 -1.53
3.11 -1.52
-2.14 -1.55
-1.96 -1.55
-1.79 -1.55
-1.61 -1.55
-1.44 -1.56
-1.26 -1.56
-1.08 -1.56
-0.91 -1.56
-0.73 -1.56
-0.55 -1.56
-0.38 -1.56
-0.20 -1.56
-0.02 -1.56
0.15 -1.56
0.33 -1.56
0.50 -1.56
0.67 -1.54
0.84 -1.52
1.01 -1.52
1.18 -1.52
1.35 -1.52
1.52 -1.51
1.70 -1.52
1.87 -1.52
2.05 -1.52
2.23 -1.53
2.39 -1.51
2.58 -1.52
2.77 -1.53
2.94 -1.52
3.57 -1.56
-2.22 -1.53
-2.08 -1.56
-1.89 -1.55
-1.72 -1.55
-1.54 -1.56
-1.37 -1.56
-1.19 -1.56
-1.01 -1.56
-0.84 -1.56
-0.66 -1.56
-0.48 -1.56
-0.31 -1.56
-0.02 -1.56
0.05 -1.57
0.22 -1.56
0.40 -1.56
0.58 -1.56
0.74 -1.54
0.90 -1.52
1.08 -1.52
1.24 -1.51
1.42 -1.52
1.59 -1.51
1.77 -1.52
1.93 -1.51
2.13 -1.53
2.28 -1.51
2.47 -1.52
2.66 -1.53
2.85 -1.54
3.03 -1.53
-2.21 -1.53
-2.07 -1.55
-1.89 -1.55
-1.72 -1.55
-1.54 -1.56
-1.37 -1.56
-1.19 -1.56
-1.01 -1.56
-0.84 -1.56
-0.66 -1.56
-0.48 -1.56
-0.31 -1.56
-0.13 -1.56
0.05 -1.56
0.22 -1.56
0.40 -1.56
0.57 -1.55
0.73 -1.52
0.90 -1.51
1.08 -1.52
1.25 -1.52
1.42 -1.52
1.59 -1.51
1.77 -1.52
1.93 -1.51
2.11 -1.52
2.30 -1.52
2.47 -1.52
2.68 -1.54
2.85 -1.54
3.02 -1.53
3.66 -1.57
-1.91 -1.55
-1.73 -1.55
-1.56 -1.56
-1.38 -1.56
-1.21 -1.56
-1.03 -1.56
-0.85 -1.56
-0.68 -1.56
-0.50 -1.56
-0.33 -1.56
-0.13 -1.56
0.03 -1.56
0.20 -1.56
0.38 -1.56
0.55 -1.56
0.72 -1.55
0.87 -1.51
1.05 -1.52
1.22 -1.52
1.39 -1.52
1.56 -1.51
1.74 -1.52
1.92 -1.52
2.09 -1.52
2.29 -1.54
2.44 -1.52
2.63 -1.53
2.80 -1.53
3.02 -1.54
3.15 -1.52
3.38 -1.54
3.63 -1.57
-2.23 -1.51
-2.11 -1.55
-1.93 -1.55
-1.76 -1.55
-1.58 -1.56
-1.40 -1.56
-1.23 -1.56
-1.05 -1.56
-0.88 -1.56
-0.70 -1.56
-0.52 -1.56
-0.35 -1.56
-0.15 -1.57
0.01 -1.56
0.18 -1.56
0.36 -1.56
0.54 -1.56
0.70 -1.53
0.86 -1.51
1.04 -1.52
1.21 -1.52
1.38 -1.52
1.55 -1.51
1.73 -1.52
1.89 -1.51
2.08 -1.52
2.26 -1.52
2.42 -1.51
2.60 -1.52
2.79 -1.53
2.97 -1.52
3.62 -1.57
-2.19 -1.53
-2.06 -1.56
-1.87 -1.55
-1.69 -1.55
-1.52 -1.56
-1.34 -1.56
-1.17 -1.56
-0.99 -1.56
-0.81 -1.56
-0.64 -1.56
-0.46 -1.56
-0.28 -1.56
-0.17 -1.56
0.07 -1.57
0.25 -1.57
0.42 -1.56
0.60 -1.56
0.76 -1.53
0.93 -1.52
1.10 -1.52
1.27 -1.52
1.44 -1.51
1.61 -1.51
1.80 -1.52
1.97 -1.52
2.16 -1.53
2.33 -1.52
2.52 -1.53
2.69 -1.53
2.90 -1.55
3.09 -1.55
3.69 -1.57
-2.23 -1.51
-2.10 -1.55
-1.93 -1.55
-1.75 -1.55
-1.58 -1.56
-1.40 -1.56
-1.23 -1.56
-1.05 -1.56
-0.87 -1.56
-0.70 -1.56
-0.52 -1.56
-0.34 -1.56
-0.11 -1.56
0.01 -1.56
0.19 -1.56
0.36 -1.56
0.54 -1.56
0.71 -1.54
0.86 -1.51
1.04 -1.52
1.21 -1.52
1.38 -1.52
1.56 -1.51
1.74 -1.52
1.88 -1.50
2.08 -1.52
2.27 -1.52
2.44 -1.52
2.61 -1.52
2.80 -1.53
2.98 -1.52
3.63 -1.57
-2.13 -1.55
-1.97 -1.56
-1.78 -1.55
-1.61 -1.56
-1.43 -1.56
-1.26 -1.56
-1.08 -1.56
-0.90 -1.56
-0.73 -1.56
-0.55 -1.56
-0.37 -1.56
-0.20 -1.56
-0.17 -1.56
0.15 -1.56
0.33 -1.56
0.51 -1.56
0.68 -1.55
0.83 -1.51
1.01 -1.52
1.18 -1.52
1.35 -1.52
1.52 -1.51
1.71 -1.52
1.87 -1.51
2.05 -1.52
2.24 -1.53
2.41 -1.52
2.58 -1.52
2.77 -1.53
2.96 -1.53
3.09 -1.51
-2.13 -1.54
-1.97 -1.55
-1.79 -1.55
-1.61 -1.55
-1.44 -1.56
-1.26 -1.56
-1.09 -1.56
-0.91 -1.56
-0.73 -1.56
-0.56 -1.56
-0.38 -1.56
-0.20 -1.56
-0.02 -1.56
0.15 -1.56
0.33 -1.56
0.50 -1.56
0.67 -1.55
0.83 -1.51
1.00 -1.52
1.17 -1.52
1.35 -1.52
1.52 -1.51
1.70 -1.52
1.85 -1.50
2.06 -1.53
2.23 -1.53
2.38 -1.51
2.57 -1.52
2.76 -1.53
2.94 -1.52
-2.18 -1.54
-2.02 -1.55
-1.85 -1.55
-1.67 -1.55
-1.49 -1.56
-1.32 -1.56
-1.14 -1.56
-0.96 -1.56
-0.79 -1.56
-0.61 -1.56
-0.43 -1.56
-0.26 -1.57
-0.03 -1.56
0.10 -1.57
0.28 -1.57
0.45 -1.56
0.62 -1.55
0.79 -1.53
0.95 -1.52
1.13 -1.52
1.30 -1.52
1.47 -1.51
1.65 -1.52
1.82 -1.52
1.99 -1.52
2.17 -1.52
2.34 -1.51
2.54 -1.53
2.71 -1.53
2.89 -1.52
-2.22 -1.53
-2.07 -1.55
-1.90 -1.55
-1.72 -1.55
-1.55 -1.56
-1.37 -1.56
-1.19 -1.56
-1.02 -1.56
-0.84 -1.56
-0.66 -1.56
-0.49 -1.56
-0.31 -1.56
-0.08 -1.56
0.04 -1.56
0.22 -1.56
0.40 -1.56
0.58 -1.56
0.74 -1.53
0.90 -1.51
1.08 -1.52
1.25 -1.52
1.42 -1.52
1.59 -1.51
1.77 -1.52
1.93 -1.51
2.13 -1.53
2.30 -1.52
2.49 -1.53
2.67 -1.53
2.84 -1.53
3.01 -1.52
-2.30 -1.55
-2.13 -1.55
-1.97 -1.56
-1.78 -1.55
-1.60 -1.56
-1.43 -1.56
-1.25 -1.56
-1.07 -1.56
-0.90 -1.56
-0.72 -1.56
-0.54 -1.56
-0.37 -1.56
-0.19 -1.56
-0.13 -1.56
0.16 -1.56
0.34 -1.56
0.52 -1.56
0.69 -1.55
0.85 -1.52
1.02 -1.52
1.19 -1.52
1.36 -1.52
1.53 -1.51
1.72 -1.52
1.88 -1.51
2.06 -1.52
2.25 -1.53
2.42 -1.52
2.61 -1.53
2.78 -1.53
2.97 -1.53
3.15 -1.53
-2.19 -1.53
-2.06 -1.56
-1.87 -1.55
-1.69 -1.55
-1.52 -1.56
-1.34 -1.56
-1.17 -1.56
-0.99 -1.56
-0.81 -1.56
-0.64 -1.56
-0.46 -1.56
-0.28 -1.56
-0.01 -1.56
0.07 -1.57
0.25 -1.56
0.43 -1.56
0.60 -1.55
0.76 -1.52
0.93 -1.52
1.10 -1.52
1.26 -1.51
1.44 -1.51
1.61 -1.51
1.80 -1.52
1.97 -1.52
2.15 -1.53
2.33 -1.52
2.52 -1.53
2.69 -1.53
2.84 -1.51
3.03 -1.52
-2.16 -1.54
-2.01 -1.56
-1.82 -1.55
-1.64 -1.55
-1.47 -1.56
-1.29 -1.56
-1.12 -1.56
-0.94 -1.56
-0.76 -1.56
-0.59 -1.56
-0.41 -1.56
-0.23 -1.56
-0.10 -1.56
0.12 -1.56
0.30 -1.56
0.47 -1.56
0.65 -1.55
0.80 -1.52
0.98 -1.52
1.15 -1.52
1.32 -1.52
1.49 -1.51
1.67 -1.52
1.83 -1.51
2.03 -1.53
2.19 -1.52
2.37 -1.52
2.56 -1.53
2.74 -1.53
2.91 -1.52
3.06 -1.51
-1.94 -1.55
-1.77 -1.55
-1.59 -1.56
-1.42 -1.56
-1.24 -1.56
-1.06 -1.56
-0.89 -1.56
-0.71 -1.56
-0.53 -1.56
-0.36 -1.56
-0.18 -1.56
-0.06 -1.56
0.17 -1.56
0.35 -1.56
0.52 -1.56
0.69 -1.54
0.85 -1.51
1.02 -1.52
1.20 -1.52
1.37 -1.52
1.54 -1.51
1.72 -1.52
1.88 -1.51
2.06 -1.52
2.25 -1.53
2.40 -1.51
2.59 -1.52
2.78 -1.53
2.97 -1.53
3.12 -1.52
3.34 -1.54
3.58 -1.56
-1.91 -1.55
-1.74 -1.55
-1.56 -1.56
-1.39 -1.56
-1.21 -1.56
-1.03 -1.56
-0.86 -1.56
-0.68 -1.56
-0.50 -1.56
-0.33 -1.56
-0.00 -1.56
0.02 -1.56
0.20 -1.56
0.38 -1.56
0.55 -1.56
0.72 -1.54
0.88 -1.51
1.05 -1.52
1.22 -1.52
1.40 -1.52
1.57 -1.51
1.75 -1.52
1.92 -1.52
2.09 -1.52
2.28 -1.52
2.45 -1.52
2.62 -1.52
2.81 -1.53
3.02 -1.54
3.63 -1.57
-2.17 -1.54
-2.01 -1.55
-1.83 -1.55
-1.66 -1.55
-1.48 -1.56
-1.31 -1.56
-1.13 -1.56
-0.96 -1.56
-0.78 -1.56
-0.60 -1.56
-0.43 -1.56
-0.25 -1.56
-0.15 -1.56
0.10 -1.57
0.28 -1.56
0.46 -1.56
0.63 -1.55
0.79 -1.52
0.96 -1.52
1.13 -1.52
1.30 -1.52
1.47 -1.51
1.66 -1.52
1.83 -1.52
2.00 -1.52
2.18 -1.53
2.34 -1.51
2.53 -1.52
2.72 -1.53
2.89 -1.52
3.06 -1.52
-2.22 -1.53
-2.08 -1.56
-1.90 -1.55
-1.72 -1.55
-1.54 -1.56
-1.37 -1.56
-1.19 -1.56
-1.01 -1.56
-0.84 -1.56
-0.66 -1.56
-0.48 -1.56
-0.31 -1.56
-0.07 -1.56
0.05 -1.57
0.22 -1.56
0.40 -1.56
0.58 -1.56
0.74 -1.53
0.90 -1.51
1.08 -1.52
1.25 -1.52
1.42 -1.52
1.59 -1.51
1.77 -1.52
1.95 -1.52
2.13 -1.53
2.30 -1.52
2.48 -1.52
2.67 -1.53
2.84 -1.53
3.01 -1.52
3.67 -1.57
-1.93 -1.55
-1.76 -1.55
-1.58 -1.56
-1.41 -1.56
-1.23 -1.56
-1.05 -1.56
-0.88 -1.56
-0.70 -1.56
-0.52 -1.56
-0.35 -1.56
-0.13 -1.56
0.12 -1.26
0.29 -1.26
0.46 -1.26
0.63 -1.26
0.81 -1.26
0.98 -1.26
1.15 -1.26
1.32 -1.25
1.50 -1.26
1.68 -1.27
1.85 -1.27
2.04 -1.27
2.19 -1.26
2.38 -1.27
3.01 -1.31
-1.90 -1.28
-1.72 -1.28
-1.55 -1.29
-1.36 -1.28
-1.18 -1.27
-1.01 -1.27
-0.83 -1.26
-0.65 -1.25
-0.48 -1.25
-0.31 -1.25
-0.05 -1.26
0.03 -1.26
0.20 -1.26
0.37 -1.26
0.54 -1.26
0.71 -1.26
0.88 -1.26
1.06 -1.26
1.23 -1.26
1.40 -1.26
1.58 -1.27
1.75 -1.27
1.94 -1.27
2.10 -1.26
2.27 -1.26
2.44 -1.26
2.66 -1.28
2.89 -1.30
-2.01 -1.28
-1.85 -1.29
-1.66 -1.28
-1.49 -1.29
-1.31 -1.28
-1.12 -1.27
-0.94 -1.26
-0.77 -1.26
-0.59 -1.25
-0.42 -1.25
-0.26 -1.26
-0.14 -1.26
0.08 -1.25
0.25 -1.26
0.42 -1.26
0.59 -1.26
0.77 -1.27
0.93 -1.26
1.11 -1.26
1.27 -1.25
1.45 -1.26
1.64 -1.27
1.81 -1.27
1.98 -1.26
2.15 -1.26
2.34 -1.27
2.97 -1.31
-1.89 -1.28
-1.72 -1.28
-1.54 -1.29
-1.36 -1.28
-1.18 -1.27
-1.01 -1.27
-0.83 -1.26
-0.65 -1.25
-0.48 -1.25
-0.31 -1.25
-0.09 -1.26
0.03 -1.26
0.20 -1.26
0.37 -1.26
0.54 -1.26
0.71 -1.26
0.88 -1.26
1.06 -1.26
1.23 -1.26
1.40 -1.26
1.57 -1.26
1.75 -1.27
1.92 -1.26
2.09 -1.26
2.26 -1.26
2.43 -1.26
2.66 -1.28
2.89 -1.30
-2.01 -1.28
-1.85 -1.29
-1.66 -1.28
-1.49 -1.29
-1.30 -1.28
-1.12 -1.27
-0.94 -1.26
-0.77 -1.26
-0.59 -1.25
-0.42 -1.25
-0.25 -1.26
-0.14 -1.26
0.09 -1.26
0.26 -1.26
0.43 -1.26
0.60 -1.26
0.78 -1.27
0.94 -1.26
1.12 -1.26
1.28 -1.25
1.46 -1.26
1.64 -1.27
1.81 -1.27
1.99 -1.26
2.16 -1.26
2.34 -1.27
2.52 -1.27
2.74 -1.29
2.97 -1.31
-1.99 -1.29
-1.81 -1.28
-1.63 -1.29
-1.46 -1.29
-1.27 -1.28
-1.09 -1.27
-0.92 -1.26
-0.74 -1.26
-0.57 -1.26
-0.39 -1.25
-0.23 -1.26
-0.08 -1.26
0.11 -1.26
0.28 -1.26
0.46 -1.27
0.62 -1.26
0.80 -1.27
0.97 -1.26
1.14 -1.26
1.30 -1.25
1.48 -1.26
1.67 -1.27
1.84 -1.27
2.02 -1.27
2.18 -1.26
2.37 -1.27
3.00 -1.31
-1.93 -1.28
-1.76 -1.28
-1.58 -1.29
-1.41 -1.29
-1.22 -1.27
-1.04 -1.27
-0.87 -1.26
-0.69 -1.25
-0.52 -1.25
-0.35 -1.26
-0.18 -1.26
-0.06 -1.26
0.16 -1.26
0.33 -1.26
0.50 -1.26
0.67 -1.26
0.84 -1.26
1.02 -1.26
1.19 -1.26
1.35 -1.25
1.53 -1.26
1.72 -1.27
1.90 -1.27
2.06 -1.26
2.24 -1.27
2.40 -1.26
-1.88 -1.29
-1.69 -1.28
-1.52 -1.29
-1.33 -1.28
-1.15 -1.27
-0.97 -1.26
-0.80 -1.26
-0.62 -1.25
-0.45 -1.25
-0.28 -1.26
-0.01 -1.26
0.06 -1.26
0.23 -1.26
0.40 -1.26
0.57 -1.26
0.75 -1.27
0.91 -1.26
1.09 -1.26
1.26 -1.26
1.43 -1.26
1.61 -1.27
1.78 -1.27
1.96 -1.26
2.14 -1.27
2.31 -1.27
2.92 -1.30
-1.99 -1.28
-1.82 -1.28
-1.64 -1.29
-1.47 -1.29
-1.28 -1.28
-1.10 -1.27
-0.92 -1.26
-0.75 -1.26
-0.57 -1.25
-0.40 -1.25
-0.23 -1.26
-0.11 -1.26
0.11 -1.26
0.28 -1.26
0.45 -1.26
0.62 -1.26
0.79 -1.27
0.96 -1.26
1.14 -1.26
1.30 -1.25
1.48 -1.26
1.66 -1.27
1.83 -1.27
2.02 -1.27
2.17 -1.26
2.36 -1.27
2.53 -1.27
2.76 -1.29
2.99 -1.31
-2.04 -1.28
-1.87 -1.29
-1.69 -1.28
-1.51 -1.29
-1.33 -1.28
-1.15 -1.27
-0.97 -1.26
-0.79 -1.26
-0.62 -1.25
-0.45 -1.25
-0.28 -1.26
-0.06 -1.26
0.06 -1.26
0.23 -1.26
0.40 -1.26
0.57 -1.26
0.74 -1.26
0.92 -1.26
1.09 -1.26
1.26 -1.26
1.44 -1.26
1.61 -1.26
1.79 -1.27
1.96 -1.26
2.15 -1.27
2.32 -1.27
2.93 -1.30
-2.06 -1.28
-1.89 -1.28
-1.72 -1.28
-1.54 -1.29
-1.36 -1.28
-1.18 -1.27
-1.00 -1.27
-0.82 -1.26
-0.64 -1.25
-0.47 -1.25
-0.31 -1.25
-0.11 -1.26
0.03 -1.26
0.20 -1.26
0.38 -1.26
0.55 -1.26
0.72 -1.26
0.89 -1.26
1.06 -1.26
1.23 -1.26
1.41 -1.26
1.59 -1.27
1.76 -1.27
1.95 -1.27
2.10 -1.26
2.27 -1.26
2.44 -1.26
2.67 -1.28
2.90 -1.30
-2.07 -1.28
-1.90 -1.28
-1.72 -1.28
-1.55 -1.29
-1.37 -1.28
-1.18 -1.27
-1.01 -1.27
-0.83 -1.26
-0.65 -1.25
-0.48 -1.25
-0.31 -1.25
-0.14 -1.26
0.02 -1.26
0.20 -1.26
0.37 -1.26
0.54 -1.26
0.71 -1.26
0.88 -1.26
1.05 -1.26
1.22 -1.26
1.40 -1.26
1.58 -1.27
1.75 -1.27
1.93 -1.27
2.09 -1.26
2.28 -1.27
2.43 -1.26
2.66 -1.28
2.89 -1.30
-2.10 -1.28
-1.92 -1.28
-1.75 -1.28
-1.57 -1.29
-1.40 -1.29
-1.21 -1.27
-1.04 -1.27
-0.86 -1.26
-0.68 -1.25
-0.51 -1.25
-0.34 -1.26
-0.15 -1.26
0.00 -1.26
0.17 -1.26
0.34 -1.26
0.51 -1.26
0.68 -1.26
0.85 -1.26
1.03 -1.26
1.20 -1.26
1.37 -1.26
1.54 -1.26
1.73 -1.27
1.90 -1.26
2.07 -1.26
2.24 -1.26
2.41 -1.26
-1.97 -1.29
-1.79 -1.29
-1.61 -1.29
-1.43 -1.29
-1.24 -1.27
-1.07 -1.27
-0.89 -1.26
-0.71 -1.25
-0.54 -1.26
-0.37 -1.26
-0.20 -1.26
-0.17 -1.26
0.14 -1.26
0.31 -1.26
0.48 -1.26
0.65 -1.26
0.83 -1.26
0.99 -1.26
1.17 -1.26
1.33 -1.25
1.51 -1.26
1.69 -1.27
1.86 -1.27
2.05 -1.27
2.20 -1.26
2.39 -1.27
3.02 -1.31
-2.33 -1.24
-1.89 -1.29
-1.70 -1.28
-1.52 -1.29
-1.34 -1.28
-1.16 -1.27
-0.98 -1.26
-0.81 -1.26
-0.63 -1.25
-0.46 -1.25
-0.29 -1.26
-0.03 -1.26
0.05 -1.26
0.22 -1.26
0.39 -1.26
0.56 -1.26
0.74 -1.26
0.91 -1.26
1.08 -1.26
1.26 -1.26
1.43 -1.26
1.60 -1.26
1.78 -1.27
1.95 -1.26
2.12 -1.26
2.31 -1.27
2.46 -1.26
2.71 -1.29
2.92 -1.30
-2.02 -1.28
-1.86 -1.29
-1.67 -1.28
-1.50 -1.29
-1.32 -1.28
-1.14 -1.27
-0.96 -1.26
-0.78 -1.26
-0.60 -1.25
-0.44 -1.25
-0.27 -1.26
-0.12 -1.26
0.07 -1.26
0.24 -1.26
0.41 -1.26
0.58 -1.26
0.76 -1.27
0.92 -1.26
1.10 -1.26
1.27 -1.26
1.45 -1.27
1.61 -1.26
1.80 -1.27
1.97 -1.26
2.15 -1.27
2.33 -1.27
2.94 -1.30
-2.02 -1.28
-1.86 -1.29
-1.68 -1.28
-1.50 -1.29
-1.32 -1.28
-1.14 -1.27
-0.96 -1.26
-0.78 -1.26
-0.61 -1.25
-0.44 -1.25
-0.27 -1.26
-0.10 -1.26
0.07 -1.26
0.24 -1.26
0.41 -1.26
0.58 -1.26
0.75 -1.27
0.92 -1.26
1.10 -1.26
1.26 -1.25
1.44 -1.26
1.62 -1.27
1.79 -1.27
1.96 -1.26
2.15 -1.27
2.32 -1.27
2.93 -1.30
-2.03 -1.29
-1.85 -1.29
-1.67 -1.28
-1.49 -1.29
-1.31 -1.28
-1.13 -1.27
-0.95 -1.26
-0.77 -1.26
-0.60 -1.25
-0.43 -1.25
-0.26 -1.26
-0.10 -1.26
0.08 -1.26
0.25 -1.26
0.42 -1.26
0.59 -1.26
0.77 -1.27
0.93 -1.26
1.11 -1.26
1.27 -1.25
1.45 -1.26
1.63 -1.27
1.80 -1.27
1.98 -1.26
2.15 -1.26
2.33 -1.27
2.51 -1.27
2.73 -1.29
2.96 -1.31
-2.33 -1.21
-1.96 -1.29
-1.77 -1.28
-1.59 -1.29
-1.42 -1.29
-1.23 -1.27
-1.06 -1.27
-0.88 -1.26
-0.70 -1.25
-0.53 -1.26
-0.36 -1.26
-0.19 -1.26
-0.09 -1.26
0.15 -1.26
0.32 -1.26
0.49 -1.26
0.66 -1.26
0.83 -1.26
1.01 -1.26
1.18 -1.26
1.34 -1.25
1.52 -1.26
1.70 -1.27
1.88 -1.27
2.06 -1.27
2.23 -1.27
2.39 -1.26
2.59 -1.27
2.82 -1.30
3.04 -1.31
-1.92 -1.28
-1.74 -1.28
-1.57 -1.29
-1.39 -1.28
-1.21 -1.27
-1.03 -1.27
-0.86 -1.26
-0.67 -1.25
-0.51 -1.25
-0.34 -1.26
-0.02 -1.26
0.00 -1.26
0.17 -1.26
0.34 -1.26
0.51 -1.26
0.68 -1.26
0.85 -1.26
1.02 -1.26
1.20 -1.26
1.37 -1.26
1.54 -1.26
1.73 -1.27
1.91 -1.27
2.08 -1.27
2.24 -1.26
2.41 -1.26
-1.97 -1.29
-1.80 -1.29
-1.61 -1.29
-1.43 -1.29
-1.24 -1.27
-1.07 -1.27
-0.89 -1.26
-0.72 -1.26
-0.55 -1.26
-0.38 -1.26
-0.20 -1.26
-0.17 -1.26
0.14 -1.01
0.31 -1.01
0.48 -1.01
0.65 -1.01
0.83 -1.02
1.00 -1.02
1.19 -1.03
1.38 -1.04
1.57 -1.05
-2.18 -0.99
-2.01 -1.00
-1.84 -1.00
-1.67 -1.00
-1.50 -1.00
-1.33 -1.00
-1.16 -1.00
-0.99 -1.00
-0.82 -1.00
-0.65 -1.00
-0.48 -1.00
-0.31 -1.00
-0.03 -1.01
0.03 -1.01
0.20 -1.01
0.37 -1.01
0.54 -1.01
0.71 -1.01
0.89 -1.02
1.06 -1.02
1.26 -1.04
-2.10 -0.99
-1.93 -1.00
-1.76 -1.00
-1.60 -1.00
-1.42 -0.99
-1.26 -1.00
-1.09 -1.00
-0.92 -1.00
-0.75 -1.00
-0.58 -1.00
-0.41 -1.00
-0.24 -1.01
-0.14 -1.01
0.10 -1.01
0.27 -1.01
0.45 -1.01
0.62 -1.01
0.79 -1.02
0.96 -1.02
1.14 -1.02
1.34 -1.04
1.53 -1.05
-2.18 -0.99
-2.01 -1.00
-1.85 -1.00
-1.68 -1.00
-1.51 -1.00
-1.34 -1.00
-1.17 -1.00
-1.00 -1.00
-0.83 -1.00
-0.66 -1.00
-0.49 -1.00
-0.32 -1.00
-0.07 -1.01
0.02 -1.01
0.19 -1.01
0.36 -1.01
0.54 -1.01
0.71 -1.01
0.88 -1.02
1.06 -1.02
1.25 -1.04
-2.14 -0.99
-1.97 -1.00
-1.80 -1.00
-1.63 -1.00
-1.46 -1.00
-1.30 -1.00
-1.12 -1.00
-0.96 -1.00
-0.79 -1.00
-0.62 -1.00
-0.45 -1.01
-0.27 -1.00
-0.15 -1.01
0.07 -1.01
0.24 -1.01
0.41 -1.01
0.58 -1.01
0.75 -1.01
0.93 -1.02
1.11 -1.02
1.30 -1.04
1.50 -1.05
-2.24 -0.99
-2.07 -0.99
-1.90 -1.00
-1.73 -1.00
-1.56 -1.00
-1.39 -1.00
-1.22 -0.99
-1.05 -1.00
-0.88 -1.00
-0.71 -1.00
-0.54 -1.00
-0.37 -1.00
-0.20 -1.01
-0.11 -1.01
0.14 -1.01
0.31 -1.01
0.48 -1.01
0.65 -1.01
0.83 -1.02
1.00 -1.02
1.19 -1.03
1.38 -1.04
1.57 -1.05
-2.15 -0.99
-1.98 -1.00
-1.81 -1.00
-1.65 -1.00
-1.48 -1.00
-1.31 -1.00
-1.14 -1.00
-0.97 -1.00
-0.80 -1.00
-0.63 -1.00
-0.46 -1.01
-0.29 -1.00
-0.03 -1.01
0.06 -1.01
0.23 -1.01
0.40 -1.01
0.57 -1.01
0.74 -1.01
0.92 -1.02
1.10 -1.02
1.29 -1.04
1.49 -1.05
-2.17 -0.99
-2.00 -1.00
-1.84 -1.00
-1.67 -1.00
-1.50 -1.00
-1.33 -1.00
-1.16 -1.00
-0.99 -1.00
-0.82 -1.00
-0.65 -1.00
-0.48 -1.00
-0.31 -1.00
-0.12 -1.01
0.03 -1.01
0.20 -1.01
0.37 -1.01
0.54 -1.01
0.71 -1.01
0.89 -1.02
1.07 -1.02
1.26 -1.04
-2.23 -0.99
-2.07 -0.99
-1.90 -1.00
-1.73 -1.00
-1.56 -1.00
-1.39 -1.00
-1.21 -0.99
-1.05 -1.00
-0.88 -1.00
-0.71 -1.00
-0.54 -1.00
-0.37 -1.00
-0.20 -1.01
-0.14 -1.01
0.14 -1.01
0.32 -1.01
0.49 -1.01
0.66 -1.01
0.83 -1.02
1.01 -1.02
1.20 -1.03
1.39 -1.04
1.57 -1.05
-2.17 -0.99
-2.00 -1.00
-1.84 -1.00
-1.67 -1.00
-1.50 -1.00
-1.33 -1.00
-1.16 -1.00
-0.99 -1.00
-0.82 -1.00
-0.65 -1.00
-0.48 -1.00
-0.31 -1.00
-0.03 -1.01
0.03 -1.01
0.20 -1.01
0.38 -1.01
0.55 -1.01
0.72 -1.01
0.90 -1.02
1.08 -1.02
1.26 -1.04
-2.16 -0.99
-1.99 -1.00
-1.82 -1.00
-1.65 -1.00
-1.48 -1.00
-1.31 -1.00
-1.14 -1.00
-0.97 -1.00
-0.80 -1.00
-0.63 -1.00
-0.46 -1.00
-0.29 -1.00
-0.14 -1.01
0.05 -1.01
0.22 -1.01
0.39 -1.01
0.56 -1.01
0.73 -1.01
0.91 -1.02
1.08 -1.02
1.27 -1.04
-2.18 -0.99
-2.01 -1.00
-1.84 -1.00
-1.67 -1.00
-1.50 -1.00
-1.34 -1.00
-1.17 -1.00
-1.00 -1.00
-0.83 -1.00
-0.66 -1.00
-0.49 -1.00
-0.32 -1.00
-0.13 -1.01
0.02 -1.01
0.19 -1.01
0.36 -1.01
0.54 -1.01
0.71 -1.01
0.88 -1.02
1.06 -1.02
1.25 -1.04
-2.19 -0.99
-2.03 -1.00
-1.86 -1.00
-1.69 -1.00
-1.52 -1.00
-1.35 -1.00
-1.18 -1.00
-1.01 -1.00
-0.84 -1.00
-0.67 -1.00
-0.50 -1.00
-0.33 -1.00
-0.15 -1.01
0.01 -1.01
0.18 -1.01
0.35 -1.01
0.52 -1.01
0.69 -1.01
0.87 -1.02
1.05 -1.02
1.23 -1.03
1.42 -1.04
-2.17 -0.99
-2.00 -1.00
-1.83 -1.00
-1.66 -1.00
-1.49 -1.00
-1.32 -1.00
-1.15 -1.00
-0.98 -1.00
-0.81 -1.00
-0.64 -1.00
-0.48 -1.00
-0.30 -1.00
-0.16 -1.01
0.04 -1.01
0.21 -1.01
0.38 -1.01
0.55 -1.01
0.72 -1.01
0.90 -1.02
1.08 -1.02
1.27 -1.04
-2.13 -0.99
-1.97 -1.00
-1.80 -1.00
-1.63 -1.00
-1.46 -1.00
-1.29 -1.00
-1.12 -1.00
-0.95 -1.00
-0.78 -1.00
-0.61 -1.00
-0.45 -1.01
-0.27 -1.00
-0.13 -1.01
0.07 -1.01
0.24 -1.01
0.41 -1.01
0.58 -1.01
0.75 -1.01
0.93 -1.02
1.11 -1.02
1.30 -1.04
1.49 -1.05
-2.14 -0.99
-1.97 -1.00
-1.80 -1.00
-1.64 -1.00
-1.47 -1.00
-1.30 -1.00
-1.13 -1.00
-0.96 -1.00
-0.79 -1.00
-0.62 -1.00
-0.45 -1.00
-0.28 -1.00
-0.10 -1.01
0.06 -1.01
0.23 -1.01
0.40 -1.01
0.58 -1.01
0.75 -1.01
0.93 -1.02
1.10 -1.02
1.29 -1.04
1.49 -1.05
-2.10 -0.99
-1.93 -1.00
-1.76 -1.00
-1.59 -1.00
-1.41 -0.99
-1.25 -1.00
-1.08 -1.00
-0.91 -1.00
-0.74 -1.00
-0.57 -1.00
-0.40 -1.00
-0.24 -1.01
-0.11 -1.01
0.11 -1.01
0.28 -1.01
0.45 -1.01
0.62 -1.01
0.79 -1.01
0.97 -1.02
1.15 -1.02
1.35 -1.04
1.54 -1.05
-2.22 -0.99
-2.05 -0.99
-1.88 -1.00
-1.71 -1.00
-1.54 -1.00
-1.37 -1.00
-1.19 -0.99
-1.03 -1.00
-0.86 -1.00
-0.69 -1.00
-0.52 -1.00
-0.35 -1.00
-0.18 -1.01
-0.06 -1.01
0.16 -1.01
0.33 -1.01
0.50 -1.01
0.67 -1.01
0.85 -1.02
1.03 -1.02
1.21 -1.03
1.40 -1.04
-2.11 -0.99
-1.94 -1.00
-1.78 -1.00
-1.61 -1.00
-1.43 -0.99
-1.27 -1.00
-1.10 -1.00
-0.93 -1.00
-0.76 -1.00
-0.59 -1.00
-0.42 -1.00
-0.25 -1.01
-0.01 -1.01
0.10 -1.01
0.27 -1.01
0.44 -1.01
0.61 -1.01
0.78 -1.01
0.96 -1.02
1.14 -1.02
1.34 -1.04
1.53 -1.05
-2.16 -0.99
-1.99 -1.00
-1.82 -1.00
-1.65 -1.00
-1.48 -1.00
-1.31 -1.00
-1.14 -1.00
-0.97 -1.00
-0.80 -1.00
-0.63 -1.00
-0.46 -1.01
-0.29 -1.00
-0.07 -1.01
0.05 -1.01
0.22 -1.01
0.40 -1.01
0.57 -1.01
0.74 -1.01
0.91 -1.02
1.09 -1.02
1.28 -1.04
1.48 -1.05
-2.23 -0.99
-2.06 -0.99
-1.89 -1.00
-1.72 -1.00
-1.55 -1.00
-1.38 -1.00
-1.21 -0.99
-1.04 -1.00
-0.88 -1.00
-0.71 -1.00
-0.54 -1.00
-0.36 -1.00
-0.20 -1.01
-0.12 -1.01
0.12 -0.75
0.29 -0.75
0.46 -0.75
0.63 -0.75
0.81 -0.76
0.98 -0.76
1.16 -0.76
1.36 -0.78
1.54 -0.78
-2.11 -0.74
-1.94 -0.74
-1.78 -0.74
-1.61 -0.74
-1.44 -0.74
-1.27 -0.74
-1.10 -0.75
-0.94 -0.75
-0.77 -0.75
-0.60 -0.75
-0.43 -0.75
-0.26 -0.75
-0.05 -0.75
0.08 -0.75
0.25 -0.75
0.42 -0.75
0.59 -0.75
0.76 -0.75
0.94 -0.76
1.11 -0.76
1.30 -0.77
1.50 -0.78
1.68 -0.78
-2.21 -0.74
-2.05 -0.74
-1.88 -0.74
-1.71 -0.74
-1.55 -0.74
-1.38 -0.74
-1.20 -0.74
-1.04 -0.75
-0.87 -0.75
-0.70 -0.75
-0.54 -0.75
-0.37 -0.75
-0.20 -0.75
-0.09 -0.75
0.14 -0.75
0.31 -0.75
0.48 -0.75
0.65 -0.75
0.83 -0.76
1.00 -0.76
1.18 -0.77
1.37 -0.78
1.56 -0.78
-2.26 -0.74
-2.09 -0.74
-1.92 -0.74
-1.75 -0.74
-1.59 -0.74
-1.41 -0.74
-1.25 -0.74
-1.08 -0.75
-0.91 -0.75
-0.74 -0.75
-0.58 -0.75
-0.41 -0.75
-0.24 -0.75
-0.03 -0.75
0.10 -0.75
0.27 -0.75
0.44 -0.75
0.61 -0.75
0.78 -0.75
0.95 -0.76
1.13 -0.76
1.32 -0.77
1.51 -0.78
1.70 -0.78
-2.10 -0.74
-1.93 -0.74
-1.77 -0.74
-1.60 -0.74
-1.42 -0.74
-1.26 -0.74
-1.09 -0.75
-0.93 -0.75
-0.76 -0.75
-0.59 -0.75
-0.42 -0.75
-0.25 -0.75
-0.07 -0.75
0.09 -0.75
0.26 -0.75
0.43 -0.75
0.60 -0.75
0.77 -0.75
0.94 -0.76
1.12 -0.76
1.31 -0.77
1.50 -0.78
1.69 -0.78
-2.15 -0.74
-1.98 -0.74
-1.81 -0.74
-1.64 -0.74
-1.48 -0.74
-1.31 -0.74
-1.14 -0.75
-0.97 -0.75
-0.80 -0.75
-0.63 -0.75
-0.47 -0.75
-0.30 -0.75
-0.08 -0.75
0.04 -0.75
0.21 -0.75
0.38 -0.75
0.55 -0.75
0.72 -0.75
0.89 -0.76
1.07 -0.76
1.26 -0.77
1.46 -0.78
1.64 -0.78
-2.20 -0.74
-2.03 -0.74
-1.87 -0.74
-1.70 -0.74
-1.53 -0.74
-1.36 -0.74
-1.19 -0.74
-1.03 -0.75
-0.86 -0.75
-0.69 -0.75
-0.52 -0.75
-0.35 -0.75
-0.18 -0.75
-0.13 -0.75
0.15 -0.75
0.33 -0.75
0.49 -0.75
0.67 -0.76
0.84 -0.76
1.01 -0.76
1.20 -0.77
1.39 -0.78
1.57 -0.78
-2.15 -0.74
-1.99 -0.74
-1.82 -0.74
-1.65 -0.74
-1.48 -0.74
-1.32 -0.74
-1.15 -0.75
-0.98 -0.75
-0.81 -0.75
-0.65 -0.75
-0.48 -0.75
-0.31 -0.75
-0.02 -0.75
0.03 -0.75
0.20 -0.75
0.37 -0.75
0.54 -0.75
0.71 -0.75
0.88 -0.76
1.06 -0.76
1.25 -0.77
1.44 -0.78
1.63 -0.78
-2.15 -0.74
-1.98 -0.74
-1.82 -0.74
-1.65 -0.74
-1.48 -0.74
-1.31 -0.74
-1.15 -0.75
-0.98 -0.75
-0.81 -0.75
-0.64 -0.75
-0.47 -0.75
-0.30 -0.75
-0.14 -0.75
0.03 -0.75
0.20 -0.75
0.37 -0.75
0.54 -0.75
0.71 -0.75
0.89 -0.76
1.07 -0.76
1.25 -0.77
1.45 -0.78
1.63 -0.78
-2.15 -0.74
-1.98 -0.74
-1.81 -0.74
-1.65 -0.74
-1.48 -0.74
-1.31 -0.74
-1.14 -0.75
-0.97 -0.75
-0.81 -0.75
-0.64 -0.75
-0.47 -0.75
-0.30 -0.75
-0.14 -0.75
0.04 -0.75
0.21 -0.75
0.38 -0.75
0.55 -0.75
0.72 -0.75
0.89 -0.76
1.07 -0.76
1.26 -0.77
1.45 -0.78
1.64 -0.78
-2.20 -0.74
-2.03 -0.74
-1.86 -0.74
-1.69 -0.74
-1.53 -0.74
-1.36 -0.74
-1.18 -0.74
-1.02 -0.75
-0.86 -0.75
-0.69 -0.75
-0.52 -0.75
-0.35 -0.75
-0.18 -0.75
-0.13 -0.75
0.15 -0.75
0.32 -0.75
0.49 -0.75
0.66 -0.75
0.84 -0.76
1.01 -0.76
1.20 -0.77
1.39 -0.78
1.57 -0.78
-2.07 -0.74
-1.90 -0.74
-1.73 -0.74
-1.57 -0.74
-1.39 -0.74
-1.23 -0.74
-1.06 -0.75
-0.89 -0.75
-0.73 -0.75
-0.56 -0.75
-0.39 -0.75
-0.22 -0.75
-0.02 -0.75
0.12 -0.75
0.29 -0.75
0.46 -0.75
0.63 -0.75
0.80 -0.75
0.97 -0.76
1.15 -0.76
1.35 -0.78
1.53 -0.78
1.72 -0.78
-2.22 -0.74
-2.05 -0.74
-1.88 -0.74
-1.72 -0.74
-1.55 -0.74
-1.38 -0.74
-1.21 -0.74
-1.05 -0.75
-0.88 -0.75
-0.71 -0.75
-0.54 -0.75
-0.37 -0.75
-0.21 -0.75
-0.05 -0.75
0.13 -0.75
0.30 -0.75
0.47 -0.75
0.64 -0.75
0.82 -0.76
0.99 -0.76
1.17 -0.77
1.36 -0.78
1.55 -0.78
-2.18 -0.74
-2.01 -0.74
-1.84 -0.74
-1.67 -0.74
-1.51 -0.74
-1.34 -0.74
-1.17 -0.74
-1.00 -0.75
-0.84 -0.75
-0.67 -0.75
-0.50 -0.75
-0.33 -0.75
-0.04 -0.75
0.01 -0.75
0.18 -0.75
0.35 -0.75
0.52 -0.75
0.69 -0.76
0.86 -0.76
1.03 -0.76
1.22 -0.77
1.41 -0.78
1.60 -0.78
-2.22 -0.74
-2.05 -0.74
-1.89 -0.74
-1.72 -0.74
-1.55 -0.74
-1.38 -0.74
-1.21 -0.74
-1.05 -0.75
-0.88 -0.75
-0.71 -0.75
-0.54 -0.75
-0.37 -0.75
-0.21 -0.75
-0.16 -0.75
0.13 -0.75
0.30 -0.75
0.47 -0.75
0.64 -0.75
0.82 -0.76
0.99 -0.76
1.18 -0.77
1.37 -0.78
1.55 -0.78
-2.16 -0.74
-1.99 -0.74
-1.82 -0.74
-1.65 -0.74
-1.49 -0.74
-1.32 -0.74
-1.15 -0.75
-0.98 -0.75
-0.81 -0.75
-0.64 -0.75
-0.47 -0.75
-0.31 -0.75
-0.04 -0.75
0.03 -0.75
0.20 -0.75
0.37 -0.75
0.54 -0.75
0.71 -0.75
0.89 -0.76
1.07 -0.76
1.26 -0.77
1.45 -0.78
1.64 -0.78
-2.23 -0.74
-2.06 -0.74
-1.89 -0.74
-1.73 -0.74
-1.56 -0.74
-1.39 -0.74
-1.21 -0.74
-1.05 -0.75
-0.88 -0.75
-0.71 -0.75
-0.54 -0.75
-0.38 -0.75
-0.21 -0.75
-0.14 -0.75
0.13 -0.75
0.30 -0.75
0.47 -0.75
0.64 -0.75
0.81 -0.76
0.99 -0.76
1.17 -0.77
1.36 -0.78
1.55 -0.78
-2.11 -0.74
-1.94 -0.74
-1.78 -0.74
-1.61 -0.74
-1.44 -0.74
-1.27 -0.74
-1.11 -0.75
-0.94 -0.75
-0.77 -0.75
-0.60 -0.75
-0.43 -0.75
-0.26 -0.75
-0.04 -0.75
0.08 -0.75
0.25 -0.75
0.42 -0.75
0.59 -0.75
0.76 -0.75
0.93 -0.76
1.11 -0.76
1.31 -0.78
1.50 -0.78
1.68 -0.78
-2.18 -0.74
-2.01 -0.74
-1.85 -0.74
-1.68 -0.74
-1.51 -0.74
-1.34 -0.74
-1.17 -0.74
-1.01 -0.75
-0.84 -0.75
-0.67 -0.75
-0.50 -0.75
-0.33 -0.75
-0.09 -0.75
0.01 -0.75
0.18 -0.75
0.35 -0.75
0.52 -0.75
0.69 -0.76
0.86 -0.76
1.03 -0.76
1.22 -0.77
1.41 -0.78
1.61 -0.78
-2.07 -0.74
-1.90 -0.74
-1.74 -0.74
-1.57 -0.74
-1.39 -0.74
-1.23 -0.74
-1.06 -0.75
-0.89 -0.75
-0.73 -0.75
-0.56 -0.75
-0.39 -0.75
-0.22 -0.75
-0.16 -0.75
0.12 -0.75
0.29 -0.75
0.46 -0.75
0.63 -0.75
0.80 -0.75
0.98 -0.76
1.15 -0.76
1.35 -0.78
1.54 -0.78
1.72 -0.78
-2.15 -0.74
-1.98 -0.74
-1.81 -0.74
-1.65 -0.74
-1.48 -0.74
-1.31 -0.74
-1.14 -0.75
-0.98 -0.75
-0.81 -0.75
-0.64 -0.75
-0.47 -0.75
-0.30 -0.75
-0.05 -0.75
-2.05 -0.26
-1.90 -0.26
-1.71 -0.26
-1.54 -0.26
-1.36 -0.26
-1.18 -0.26
-1.01 -0.26
-0.83 -0.26
-0.66 -0.26
-0.48 -0.26
-0.30 -0.26
-2.17 -0.26
-1.97 -0.26
-1.80 -0.26
-1.63 -0.26
-1.45 -0.26
-1.27 -0.26
-1.10 -0.26
-0.92 -0.26
-0.74 -0.26
-0.57 -0.26
-0.39 -0.26
-0.22 -0.26
-2.09 -0.25
-1.96 -0.26
-1.77 -0.26
-1.60 -0.26
-1.42 -0.26
-1.25 -0.26
-1.07 -0.26
-0.90 -0.26
-0.72 -0.26
-0.54 -0.26
-0.37 -0.26
-0.19 -0.26
-2.07 -0.25
-1.94 -0.26
-1.75 -0.26
-1.58 -0.26
-1.40 -0.26
-1.23 -0.26
-1.06 -0.26
-0.88 -0.26
-0.70 -0.26
-0.52 -0.26
-0.35 -0.26
-2.02 -0.26
-1.85 -0.26
-1.67 -0.26
-1.50 -0.26
-1.32 -0.26
-1.15 -0.26
-0.97 -0.26
-0.79 -0.26
-0.62 -0.26
-0.44 -0.26
-0.26 -0.26
-0.17 -0.26
-2.02 -0.26
-1.84 -0.26
-1.68 -0.26
-1.49 -0.26
-1.31 -0.26
-1.14 -0.26
-0.96 -0.26
-0.79 -0.26
-0.61 -0.26
-0.44 -0.26
-0.26 -0.26
-2.07 -0.25
-1.93 -0.26
-1.74 -0.26
-1.57 -0.26
-1.39 -0.26
-1.22 -0.26
-1.04 -0.26
-0.87 -0.26
-0.69 -0.26
-0.51 -0.26
-0.34 -0.26
0.90 -0.26
-2.07 -0.25
-1.93 -0.26
-1.75 -0.26
-1.57 -0.26
-1.39 -0.26
-1.22 -0.26
-1.05 -0.26
-0.87 -0.26
-0.69 -0.26
-0.52 -0.26
-0.34 -0.26
-0.16 -0.26
0.90 -0.26
-2.04 -0.26
-1.88 -0.26
-1.70 -0.26
-1.52 -0.26
-1.35 -0.26
-1.17 -0.26
-1.00 -0.26
-0.82 -0.26
-0.65 -0.26
-0.47 -0.26
-0.29 -0.26
-0.16 -0.26
-1.98 -0.26
-1.81 -0.26
-1.64 -0.26
-1.46 -0.26
-1.28 -0.26
-1.11 -0.26
-0.93 -0.26
-0.75 -0.26
-0.58 -0.26
-0.40 -0.26
-0.22 -0.26
-2.06 -0.25
-1.93 -0.26
-1.74 -0.26
-1.57 -0.26
-1.39 -0.26
-1.21 -0.26
-1.04 -0.26
-0.86 -0.26
-0.69 -0.26
-0.51 -0.26
-0.33 -0.26
0.91 -0.26
-2.01 -0.26
-1.83 -0.26
-1.66 -0.26
-1.48 -0.26
-1.31 -0.26
-1.13 -0.26
-0.96 -0.26
-0.78 -0.26
-0.61 -0.26
-0.43 -0.26
-0.25 -0.26
-0.16 -0.26
-2.00 -0.26
-1.82 -0.26
-1.65 -0.26
-1.47 -0.26
-1.30 -0.26
-1.12 -0.26
-0.95 -0.26
-0.77 -0.26
-0.59 -0.26
-0.42 -0.26
-0.24 -0.26
-1.96 -0.26
-1.79 -0.26
-1.61 -0.26
-1.44 -0.26
-1.26 -0.26
-1.09 -0.26
-0.91 -0.26
-0.74 -0.26
-0.56 -0.26
-0.38 -0.26
-0.21 -0.26
-2.07 -0.26
-1.92 -0.26
-1.73 -0.26
-1.56 -0.26
-1.38 -0.26
-1.21 -0.26
-1.03 -0.26
-0.85 -0.26
-0.68 -0.26
-0.50 -0.26
-0.33 -0.26
0.91 -0.26
-2.05 -0.26
-1.90 -0.26
-1.71 -0.26
-1.54 -0.26
-1.36 -0.26
-1.19 -0.26
-1.01 -0.26
-0.83 -0.26
-0.66 -0.26
-0.48 -0.26
-0.30 -0.26
-0.15 -0.26
-2.04 -0.26
-1.88 -0.26
-1.71 -0.26
-1.53 -0.26
-1.36 -0.26
-1.18 -0.26
-1.01 -0.26
-0.83 -0.26
-0.65 -0.26
-0.48 -0.26
-0.30 -0.26
-2.05 -0.26
-1.90 -0.26
-1.71 -0.26
-1.54 -0.26
-1.36 -0.26
-1.19 -0.26
-1.02 -0.26
-0.84 -0.26
-0.66 -0.26
-0.48 -0.26
-0.31 -0.26
0.93 -0.26
-2.02 -0.26
-1.86 -0.26
-1.69 -0.26
-1.51 -0.26
-1.34 -0.26
-1.16 -0.26
-0.98 -0.26
-0.81 -0.26
-0.63 -0.26
-0.46 -0.26
-0.28 -0.26
-36.22 -0.20
-35.14 -0.21
-35.15 -0.21
-34.93 -0.22
-34.57 -0.23
-34.38 -0.24
-33.73 -0.24
-33.26 -0.25
-33.15 -0.26
-33.16 -0.26
-15.26 -0.22
-2.19 -0.26
-1.99 -0.26
-1.81 -0.26
-1.65 -0.26
-1.46 -0.26
-1.29 -0.26
-1.11 -0.26
-0.93 -0.26
-0.76 -0.26
-0.58 -0.26
-0.40 -0.26
-0.23 -0.26
0.09 0.00
0.27 0.00
0.45 0.00
0.63 0.00
0.80 0.00
-1.91 0.00
-1.73 0.00
-1.56 0.00
-1.38 0.00
-1.20 0.00
-1.02 0.00
-0.85 0.00
-0.67 0.00
-0.50 0.00
-0.32 0.00
-0.08 0.00
0.04 0.00
0.21 0.00
0.39 0.00
0.57 0.00
0.75 0.00
-1.96 0.00
-1.80 0.00
-1.62 0.00
-1.45 0.00
-1.27 0.00
-1.09 0.00
-0.92 0.00
-0.74 0.00
-0.56 0.00
-0.39 0.00
-0.21 0.00
-0.14 0.00
0.14 0.00
0.32 0.00
0.50 0.00
0.67 0.00
-1.93 0.00
-1.75 0.00
-1.58 0.00
-1.40 0.00
-1.23 0.00
-1.05 0.00
-0.87 0.00
-0.69 0.00
-0.52 0.00
-0.34 0.00
-0.03 0.00
0.01 0.00
0.19 0.00
0.37 0.00
0.54 0.00
0.72 0.00
-1.93 0.00
-1.75 0.00
-1.58 0.00
-1.40 0.00
-1.23 0.00
-1.05 0.00
-0.87 0.00
-0.70 0.00
-0.52 0.00
-0.34 0.00
-0.16 0.00
0.01 0.00
0.19 0.00
0.37 0.00
0.54 0.00
0.72 0.00
-1.94 0.00
-1.77 0.00
-1.59 0.00
-1.42 0.00
-1.24 0.00
-1.06 0.00
-0.89 0.00
-0.71 0.00
-0.53 0.00
-0.36 0.00
-0.18 0.00
-0.17 0.00
0.17 0.00
0.35 0.00
0.52 0.00
0.70 0.00
-1.92 0.00
-1.74 0.00
-1.56 0.00
-1.39 0.00
-1.21 0.00
-1.03 0.00
-0.86 0.00
-0.68 0.00
-0.51 0.00
-0.33 0.00
-0.01 0.00
0.03 0.00
0.20 0.00
0.38 0.00
0.56 0.00
0.73 0.00
-2.00 0.00
-1.84 0.00
-1.66 0.00
-1.49 0.00
-1.31 0.00
-1.13 0.00
-0.96 0.00
-0.78 0.00
-0.60 0.00
-0.43 0.00
-0.25 0.00
-0.15 0.00
0.11 0.00
0.28 0.00
0.46 0.00
0.64 0.00
0.82 0.00
-1.93 0.00
-1.75 0.00
-1.57 0.00
-1.40 0.00
-1.22 0.00
-1.04 0.00
-0.87 0.00
-0.69 0.00
-0.51 0.00
-0.34 0.00
-0.07 0.00
0.02 0.00
0.20 0.00
0.37 0.00
0.55 0.00
0.73 0.00
-1.86 0.00
-1.68 0.00
-1.51 0.00
-1.33 0.00
-1.15 0.00
-0.97 0.00
-0.80 0.00
-0.62 0.00
-0.44 0.00
-0.27 0.00
-0.16 0.00
0.09 0.00
0.26 0.00
0.44 0.00
0.62 0.00
0.80 0.00
-1.93 0.00
-1.76 0.00
-1.58 0.00
-1.40 0.00
-1.23 0.00
-1.05 0.00
-0.87 0.00
-0.70 0.00
-0.52 0.00
-0.34 0.00
-0.09 0.00
0.01 0.00
0.19 0.00
0.37 0.00
0.55 0.00
0.72 0.00
-1.84 0.00
-1.66 0.00
-1.48 0.00
-1.31 0.00
-1.13 0.00
-0.95 0.00
-0.77 0.00
-0.60 0.00
-0.42 0.00
-0.24 0.00
-0.16 0.00
0.11 0.00
0.29 0.00
0.47 0.00
0.64 0.00
-1.89 0.00
-1.72 0.00
-1.54 0.00
-1.36 0.00
-1.18 0.00
-1.00 0.00
-0.84 0.00
-0.66 0.00
-0.48 0.00
-0.30 0.00
-0.06 0.00
0.05 0.00
0.23 0.00
0.40 0.00
0.58 0.00
0.76 0.00
-1.98 0.00
-1.81 0.00
-1.64 0.00
-1.46 0.00
-1.29 0.00
-1.11 0.00
-0.93 0.00
-0.75 0.00
-0.57 0.00
-0.40 0.00
-0.22 0.00
-0.13 0.00
0.13 0.00
0.31 0.00
0.48 0.00
0.66 0.00
-1.96 0.00
-1.78 0.00
-1.61 0.00
-1.43 0.00
-1.25 0.00
-1.08 0.00
-0.90 0.00
-0.72 0.00
-0.55 0.00
-0.37 0.00
-0.20 0.00
-0.05 0.00
0.16 0.00
0.34 0.00
0.51 0.00
0.69 0.00
-1.93 0.00
-1.76 0.00
-1.58 0.00
-1.41 0.00
-1.23 0.00
-1.05 0.00
-0.88 0.00
-0.70 0.00
-0.52 0.00
-0.35 0.00
-0.02 0.00
0.00 0.00
0.18 0.00
0.36 0.00
0.53 0.00
0.71 0.00
-1.90 0.00
-1.72 0.00
-1.55 0.00
-1.37 0.00
-1.20 0.00
-1.01 0.00
-0.84 0.00
-0.67 0.00
-0.49 0.00
-0.31 0.00
-0.17 0.00
0.04 0.00
0.22 0.00
0.40 0.00
0.57 0.00
0.75 0.00
-2.00 0.00
-1.84 0.00
-1.66 0.00
-1.48 0.00
-1.31 0.00
-1.13 0.00
-0.95 0.00
-0.78 0.00
-0.60 0.00
-0.42 0.00
-0.24 0.00
-0.14 0.00
0.11 0.00
0.29 0.00
0.47 0.00
0.64 0.00
-1.93 0.00
-1.75 0.00
-1.57 0.00
-1.40 0.00
-1.22 0.00
-1.04 0.00
-0.87 0.00
-0.69 0.00
-0.51 0.00
-0.34 0.00
-0.07 0.00
0.02 0.00
0.20 0.00
0.37 0.00
0.55 0.00
0.73 0.00
-1.97 0.00
-1.79 0.00
-1.61 0.00
-1.44 0.00
-1.26 0.00
-1.08 0.00
-0.91 0.00
-0.73 0.00
-0.55 0.00
-0.38 0.00
-0.20 0.00
-0.16 0.00
0.16 0.00
0.34 0.00
0.51 0.00
0.69 0.00
-1.83 0.00
-1.65 0.00
-1.47 0.00
-1.30 0.00
-1.12 0.00
-0.94 0.00
-0.77 0.00
-0.59 0.00
-0.41 0.00
-0.23 0.00
-0.02 0.00
-1.97 0.00
-1.79 0.00
-1.92 0.00
-1.74 0.00
-1.97 0.00
-1.80 0.00
-1.97 0.00
-1.81 0.00
-1.99 0.00
-1.82 0.00
-1.88 0.00
-1.90 0.00
-1.86 0.00
-2.01 0.00
-1.85 0.00
-2.08 0.00
-1.94 0.00
-1.77 0.00
-1.87 0.00
-1.96 0.00
-1.79 0.00
-1.88 0.00
-1.88 0.00
-1.91 0.00
-1.94 0.00
-1.76 0.00
-2.08 0.00
-1.94 0.00
-1.77 0.00
-1.93 0.00
-1.75 0.00
-1.87 0.00
-1.98 0.00
-1.80 0.00
-1.52 0.26
-1.98 0.26
-1.95 0.26
-1.50 0.26
-1.94 0.26
-2.08 0.26
-1.48 0.26
-1.97 0.26
-1.96 0.26
-1.94 0.26
-1.95 0.26
-2.01 0.26
-1.51 0.26
-1.50 0.26
-1.96 0.26
-1.49 0.26
-1.77 1.57
-1.59 1.57
-1.41 1.58
-0.70 1.57
-0.34 1.57
-0.17 1.57
-1.91 1.53
-1.79 1.57
-1.61 1.57
-1.43 1.58
-0.90 1.57
-0.72 1.57
-0.36 1.57
-0.19 1.57
-0.17 1.57
-1.82 1.56
-1.65 1.57
-1.48 1.57
-1.30 1.58
-1.11 1.57
-0.94 1.57
-0.76 1.57
-0.23 1.57
-1.73 1.57
-1.55 1.57
-1.38 1.58
-1.01 1.57
-0.48 1.57
-1.82 1.56
-1.66 1.57
-1.48 1.57
-1.31 1.58
-0.94 1.57
-0.77 1.57
-0.23 1.57
-1.69 1.57
-1.52 1.57
-1.34 1.58
-0.98 1.57
-0.44 1.57
-1.72 1.57
-1.54 1.57
-1.35 1.57
-0.46 1.57
-1.80 1.57
-1.62 1.57
-1.44 1.58
-0.90 1.57
-0.72 1.57
-0.37 1.57
-0.19 1.57
-1.72 1.57
-1.54 1.57
-1.36 1.58
-0.47 1.57
-1.78 1.57
-1.60 1.57
-1.43 1.58
-0.89 1.57
-0.71 1.57
-0.36 1.57
-0.18 1.57
-1.80 1.57
-1.62 1.57
-1.44 1.58
-0.73 1.57
-0.37 1.57
-0.19 1.57
-1.75 1.57
-1.57 1.57
-1.39 1.58
-1.03 1.57
-0.49 1.57
0.04 1.57
-1.68 1.57
-1.50 1.57
-1.32 1.57
-0.96 1.57
-0.79 1.57
-1.80 1.57
-1.63 1.57
-1.45 1.57
-0.91 1.57
-0.73 1.57
-0.37 1.57
-0.19 1.57
-1.91 1.54
-1.77 1.57
-1.59 1.57
-1.42 1.58
-1.05 1.57
-0.70 1.57
-0.34 1.57
0.01 1.57
-1.77 1.57
-1.59 1.57
-1.41 1.58
-0.87 1.57
-0.69 1.57
-0.34 1.57
-0.16 1.57
-1.80 1.57
-1.62 1.57
-1.45 1.58
-0.90 1.57
-0.73 1.57
-0.37 1.57
-0.20 1.57
-0.16 1.57
-1.74 1.57
-1.56 1.57
-1.39 1.58
-1.02 1.57
-0.49 1.57
0.04 1.57
-1.68 1.57
-1.51 1.57
-1.32 1.57
-0.97 1.57
-0.79 1.57
-0.44 1.57
-1.77 1.57
-1.59 1.57
-1.41 1.58
-0.70 1.57
-0.34 1.57
-1.80 1.84
-1.80 1.84
-1.82 1.83
-1.82 1.84
-1.79 1.84
-1.81 1.84
-1.75 2.10
-1.57 2.10
-1.39 2.10
-1.21 2.11
-1.71 2.10
-1.53 2.10
-1.35 2.10
-1.17 2.11
-1.78 2.08
-1.61 2.10
-1.43 2.10
-1.25 2.11
-1.07 2.11
-1.81 2.08
-1.64 2.10
-1.47 2.10
-1.29 2.11
-1.11 2.11
-1.80 2.08
-1.64 2.10
-1.46 2.10
-1.28 2.11
-1.10 2.11
-1.80 2.08
-1.63 2.10
-1.45 2.10
-1.27 2.11
-1.09 2.11
-1.78 2.08
-1.61 2.10
-1.43 2.10
-1.26 2.11
-1.08 2.11
-1.74 2.10
-1.56 2.10
-1.38 2.10
-1.21 2.11
-1.76 2.10
-1.58 2.10
-1.40 2.10
-1.22 2.11
-1.80 2.08
-1.63 2.10
-1.45 2.10
-1.28 2.11
-1.10 2.11
-1.76 2.10
-1.59 2.10
-1.41 2.10
-1.23 2.11
-1.73 2.10
-1.55 2.10
-1.37 2.10
-1.20 2.11
-1.68 2.10
-1.51 2.10
-1.33 2.11
-1.15 2.11
-1.79 2.08
-1.63 2.10
-1.45 2.10
-1.27 2.11
-1.09 2.11
-1.70 2.10
-1.52 2.10
-1.34 2.10
-1.16 2.11
-1.70 2.10
-1.52 2.10
-1.35 2.10
-1.17 2.11
-1.71 2.10
-1.53 2.10
-1.35 2.10
-1.17 2.11
-1.71 2.10
-1.53 2.10
-1.35 2.10
-1.17 2.11
-1.69 2.10
-1.51 2.10
-1.33 2.11
-1.15 2.11
-1.74 2.10
-1.56 2.10
-1.38 2.10
-1.20 2.11
-1.81 2.37
-1.80 2.37
-1.82 2.37
-1.80 2.37
-1.75 2.63
-1.79 2.61
-1.75 2.63
-1.80 2.61
-1.75 2.63
-1.79 2.63
-1.78 2.61
-1.75 2.63
-1.73 3.16
-1.72 3.16
-1.70 3.18
-1.72 3.16
-1.73 3.16
-1.70 3.18
-1.70 3.18
-1.70 3.18
-1.75 3.16
-1.62 3.46
-1.43 3.46
-1.64 3.44
-1.47 3.46
-1.67 3.43
-1.49 3.46
-1.69 3.39
-1.55 3.46
-1.67 3.43
-1.50 3.46
-1.64 3.46
-1.45 3.46
-1.74 3.39
-1.59 3.46
-1.41 3.46
-1.67 3.41
-1.51 3.46
-1.72 3.39
-1.57 3.46
-1.63 3.46
-1.45 3.46
-1.67 3.41
-1.51 3.46
-1.69 3.39
-1.54 3.46
-1.77 3.41
-1.61 3.46
-1.43 3.46
-1.68 3.43
-1.50 3.46
-1.68 3.41
-1.52 3.46
-1.68 3.41
-1.53 3.46
-1.64 3.46
-1.46 3.46
-1.68 3.41
-1.52 3.46
-1.69 3.41
-1.53 3.46
-1.70 3.41
-1.54 3.46
