-1.66 -3.55 12.40
6.49 -3.16 11.05
-0.38 -3.58 12.49
7.54 -2.91 10.18
12.38 -1.09 3.81
10.88 -1.96 6.83
-11.25 1.90 -6.64
-15.22 0.44 -1.55
-17.25 -1.42 4.95
-11.76 -4.42 15.43
-0.31 -3.58 12.49
7.54 -2.91 10.18
-12.97 0.26 -0.90
-11.57 -2.07 7.23
-5.14 -3.85 13.45
2.23 -6.60 23.07
4.67 -4.30 15.01
-12.24 -3.93 13.72
5.51 -11.28 3.39
-9.71 8.28 -2.49
-13.05 1.06 -0.32
-11.03 -6.59 1.98
-4.67 -11.72 3.52
-3.09 -12.09 3.64
17.48 -12.48 3.75
20.93 -5.84 1.76
18.93 10.35 -3.11
15.88 14.30 -4.30
-9.75 18.67 -5.61
-19.58 9.39 -2.82
-21.55 -3.72 1.12
-14.92 -15.35 4.62
-2.35 -20.95 6.30
11.23 -18.12 5.45
20.42 -8.09 2.43
22.06 -2.38 0.72
21.41 5.24 -1.58
8.33 19.91 -5.99
0.90 21.24 -6.39
-12.63 17.60 -5.29
-17.38 13.54 -4.07
-20.60 8.66 -2.60
-7.70 -20.35 6.12
-7.26 -20.60 6.19
21.97 -5.46 1.64
22.16 -5.14 1.54
11.87 18.76 -5.64
0.15 22.12 -6.65
-2.25 21.92 -6.59
-11.70 19.29 -5.80
-22.79 4.14 -1.25
-15.30 -17.08 5.13
-10.66 -19.95 6.00
10.75 -20.44 6.15
17.21 -15.61 4.69
19.36 -13.26 3.99
23.75 -4.43 1.33
23.92 -1.90 0.57
-10.10 21.48 -6.46
-18.71 14.85 -4.46
-24.48 1.03 -0.31
-24.62 -2.87 0.86
6.77 21.35 -6.42
-0.30 22.31 -6.71
10.11 -12.61 3.79
16.15 -4.43 1.33
15.70 5.72 -1.72
9.01 13.47 -4.05
-1.12 15.86 -4.77
-10.69 12.04 -3.62
-16.09 3.50 -1.05
-15.02 -6.31 1.90
-8.10 -13.55 4.07
1.98 -15.40 4.63
11.16 -11.24 3.38
15.86 -2.66 0.80
14.31 6.85 -2.06
7.17 13.70 -4.12
-2.73 15.00 -4.51
-11.52 10.50 -3.16
-15.68 1.87 -0.56
-13.72 -7.51 2.26
-6.32 -13.76 4.14
3.47 -14.66 4.41
11.90 -9.81 2.95
15.66 -1.02 0.31
13.14 8.05 -2.42
5.56 13.96 -4.20
-4.26 14.27 -4.29
-12.29 9.05 -2.72
-15.50 0.27 -0.08
-12.62 -8.61 2.59
-4.72 -14.14 4.25
4.96 -13.96 4.20
12.66 -8.39 2.52
15.39 0.47 -0.14
12.03 9.21 -2.77
3.95 14.26 -4.29
-5.68 13.71 -4.12
-13.08 7.78 -2.34
-15.34 -1.28 0.39
-11.53 -9.77 2.94
-3.20 -14.43 4.34
6.47 -13.38 4.02
13.51 -7.07 2.13
15.26 2.01 -0.61
11.01 10.31 -3.10
2.36 14.57 -4.38
-7.16 13.06 -3.93
-13.87 6.42 -1.93
-15.12 -2.82 0.85
-10.46 -10.95 3.29
-1.61 -14.76 4.44
7.95 -12.74 3.83
14.31 -5.71 1.72
15.12 3.67 -1.10
10.00 11.71 -3.52
-22.75 4.82 -1.45
19.31 -8.39 2.52
-2.30 -12.16 3.65
5.76 -11.05 3.32
4.26 12.97 -3.90
-7.13 -10.41 3.13
-11.68 0.81 -5.88
-5.75 1.59 -11.55
2.42 1.77 -12.85
-12.92 0.20 -1.45
-9.51 1.21 -8.78
-12.96 0.14 -1.03
-9.75 1.18 -8.52
-9.84 -1.16 8.42
-12.73 -0.36 2.63
-11.99 0.76 -5.47
-6.19 1.56 -11.32
1.82 1.76 -12.75
-13.13 -0.18 1.32
-4.90 1.65 -11.93
-11.86 -0.79 5.74
-12.86 0.26 -1.87
-9.23 1.27 -9.21
-1.83 1.79 -12.95
-12.96 0.13 -0.96
-9.80 1.17 -8.47
-2.76 1.76 -12.79
-9.98 -1.14 8.26
-8.97 -8.54 3.96
-13.02 -1.99 0.92
-11.77 5.43 -2.51
-5.84 10.74 -4.97
-4.86 -10.94 5.07
-11.64 5.04 -2.33
-6.13 10.61 -4.91
1.83 -11.68 5.41
-11.80 -4.94 2.29
-11.60 -5.33 2.47
-12.99 2.13 -0.99
-8.99 8.77 -4.06
-2.96 -11.49 5.32
-12.62 2.43 -1.12
-8.45 8.85 -4.10
-0.93 12.86 -5.95
-3.40 -11.39 5.27
-10.20 -7.31 3.39
-12.93 -1.19 0.55
-11.14 6.08 -2.82
-4.90 10.93 -5.06
3.83 12.60 -5.83
-0.16 -11.80 5.46
-7.86 -9.28 4.30
-12.52 -3.18 1.47
-12.74 -3.15 1.46
-12.09 4.34 -2.01
-6.86 10.13 -4.69
-9.32 -8.22 3.81
-12.79 -1.50 0.70
-11.28 5.86 -2.71
-5.16 10.83 -5.01
-0.77 -11.78 5.45
-0.44 -11.79 5.46
-8.14 -9.20 4.26
-12.48 -2.97 1.38
-7.59 -9.80 4.54
-12.26 -3.63 1.68
-12.33 3.73 -1.73
-7.41 9.69 -4.49
-5.58 -10.65 4.93
-10.96 6.17 -2.86
-4.81 11.15 -5.16
1.41 -11.73 5.43
-12.16 -4.66 2.16
-11.90 -5.18 2.40
-12.75 2.29 -1.06
-8.69 8.77 -4.06
-1.18 11.84 -5.48
-4.19 -11.17 5.17
-11.17 -6.03 2.79
0.69 -11.12 -7.07
-7.30 -9.18 -5.84
-12.27 -3.63 -2.31
-12.40 3.30 2.10
4.49 -10.29 -6.55
-14.70 -0.08 -0.05
-15.96 -11.78 -7.49
-2.01 -10.84 -6.89
-9.26 -7.70 -4.90
-13.08 -1.51 -0.96
-12.45 5.76 3.66
-0.54 -10.96 -6.97
-8.15 -8.44 -5.36
-12.61 -2.65 -1.69
-11.98 4.26 2.71
-14.70 1.43 0.91
-12.05 9.51 6.05
-7.95 14.66 9.32
5.35 -11.37 -7.23
-4.31 -13.44 -8.55
-13.21 -8.62 -5.48
-21.64 7.29 4.64
-6.14 -9.58 -6.09
2.82 -10.80 -6.86
-5.37 -9.99 -6.35
-11.31 -5.24 -3.33
-12.87 1.54 0.98
-15.29 0.49 0.31
-13.06 8.92 5.67
-9.17 14.14 8.99
5.39 -11.63 -7.40
-4.37 -13.34 -8.48
-12.61 -16.53 -10.51
-13.21 -8.62 -5.48
-8.25 -8.48 -5.39
-0.04 -10.89 -6.92
-7.82 -8.76 -5.57
-12.58 -3.08 -1.96
-12.17 3.87 2.46
-15.74 3.57 2.27
-10.25 11.02 7.01
-5.14 15.35 9.76
3.16 -12.29 -7.81
-21.44 -8.72 -5.55
-1.37 -10.91 -6.94
-8.85 -8.04 -5.11
-12.97 -2.05 -1.30
-12.02 4.99 3.18
0.46 -10.96 -6.97
-7.42 -9.11 -5.79
-12.41 -3.54 -2.25
-12.55 3.46 2.20
-14.89 0.47 0.30
-12.90 8.81 5.60
-9.03 14.11 8.97
5.99 -11.42 -7.26
-3.70 -13.57 -8.63
-9.23 -18.05 -11.48
-12.52 -8.94 -5.68
-6.56 -9.47 -6.02
2.80 -10.71 -6.81
-5.37 -9.99 -6.35
-11.48 -5.32 -3.38
-12.88 1.48 0.94
-14.54 -1.16 -0.74
14.06 15.68 9.97
-1.02 -12.88 -8.19
-10.68 -10.50 -6.68
-20.38 3.07 1.95
4.44 -10.31 -6.56
-3.80 -10.58 -6.73
-10.63 -6.60 -4.20
-13.10 0.10 0.06
-13.64 -3.32 -2.11
3.00 -12.32 -7.83
-6.82 -12.40 -7.88
-12.77 -9.85 -6.26
-19.82 -11.12 -7.07
-12.82 4.75 3.02
8.60 8.29 -5.37
0.97 10.96 -7.11
-7.06 9.26 -6.00
-12.26 3.87 -2.51
-12.48 -3.05 1.98
-14.52 -1.95 1.26
-11.27 -9.65 6.26
-6.61 -13.69 8.87
5.12 -16.31 10.57
-19.72 -11.18 7.25
-7.05 -14.44 9.36
5.41 -17.11 11.09
-3.88 10.41 -6.75
-4.01 -12.56 8.14
3.10 10.68 -6.92
-5.22 10.08 -6.54
-11.38 5.45 -3.53
-13.10 -1.37 0.89
-11.63 -9.22 5.98
-7.19 -13.39 8.68
4.39 -16.54 10.73
17.53 -12.62 8.18
-15.23 -1.21 0.79
-12.14 -9.25 6.00
-7.64 -13.68 8.87
-9.42 -18.71 12.13
4.29 -17.34 11.24
-3.87 10.59 -6.86
-4.18 -12.52 8.12
10.47 6.47 -4.19
3.79 10.52 -6.82
-4.48 10.15 -6.58
-10.92 5.92 -3.84
-11.33 -9.60 6.22
-6.66 -13.58 8.80
-4.83 -16.02 10.39
-2.43 -19.36 12.55
-15.20 -0.22 0.15
-12.87 -8.39 5.44
-8.95 -13.10 8.50
2.46 -16.82 10.91
16.06 -14.04 9.11
-7.38 -10.28 6.66
7.88 8.78 -5.69
-12.37 3.07 -1.99
-10.28 -10.40 6.74
-5.34 -14.34 9.30
6.87 -16.30 10.57
-15.17 -1.70 1.10
-11.65 -9.69 6.28
-7.00 -13.91 9.02
5.19 -17.16 11.13
9.23 -18.77 12.17
-12.35 -4.14 2.69
-7.51 -10.21 6.62
8.10 8.53 -5.53
0.39 10.99 -7.12
-12.88 -3.67 2.38
-14.17 -3.27 2.12
-20.07 -11.20 7.26
-9.93 -10.74 6.96
-4.72 -14.31 9.28
8.78 -18.83 12.21
-6.55 -15.05 9.76
6.63 9.38 -6.08
-1.40 10.93 -7.09
-13.72 -4.87 3.16
-8.41 -12.10 7.85
-10.21 -15.87 10.29
-5.58 -20.36 13.20
-2.54 -15.38 9.97
-14.45 2.69 -1.75
-14.46 -5.56 3.60
-12.15 -11.03 7.15
-2.08 -16.86 10.93
3.79 -18.35 11.90
-4.89 10.11 -6.55
-2.92 -12.69 8.23
10.47 6.47 -4.19
3.73 10.36 -6.72
-12.97 -0.75 0.49
-12.63 -7.83 5.08
-15.91 -13.93 9.03
-8.96 -12.42 8.05
1.85 -16.71 10.83
-15.16 0.97 -0.63
-13.71 -7.24 4.69
-10.25 -12.21 7.92
-5.93 9.71 -6.29
-1.66 -12.85 8.33
8.87 8.78 3.97
1.34 11.97 5.41
5.44 -15.63 -7.07
16.85 -11.11 -5.03
-5.39 10.88 4.92
-2.37 -14.05 -6.35
4.16 -15.30 -6.92
23.41 4.80 2.17
-7.86 9.55 4.32
0.92 -13.46 -6.09
10.88 -11.78 -5.33
9.20 8.24 3.73
1.98 11.89 5.38
-6.19 10.52 4.76
-11.69 4.97 2.25
-4.96 -13.67 -6.18
1.23 -15.81 -7.15
22.54 -4.60 -2.08
-5.72 -12.73 -5.76
4.10 -14.37 -6.50
10.95 -13.13 -5.94
14.35 -15.91 -7.20
19.81 -5.16 -2.33
-5.48 10.74 4.86
-2.13 -13.16 -5.95
7.76 -13.06 -5.91
10.64 6.97 3.15
-11.18 6.90 3.12
-13.19 -0.57 -0.26
3.27 -14.92 -6.75
10.30 -14.11 -6.38
20.79 -6.84 -3.09
-7.22 -11.77 -5.32
2.14 -14.54 -6.58
21.87 4.83 2.18
-5.83 10.79 4.88
-1.75 -13.30 -6.02
8.22 -13.14 -5.94
9.97 7.74 3.50
-11.80 5.98 2.70
-4.76 -13.63 -6.17
5.52 -14.74 -6.67
22.68 0.90 0.41
-5.68 -12.65 -5.72
4.10 -14.37 -6.50
12.19 -17.23 -7.79
11.03 -13.08 -5.92
18.87 -4.82 -2.18
-6.99 9.88 4.47
-0.06 -13.58 -6.14
9.78 -11.99 -5.43
8.93 8.74 3.95
1.41 11.96 5.41
-6.64 10.18 4.61
-12.08 4.62 2.09
-12.61 -2.87 -1.30
-4.21 -13.88 -6.28
2.21 -15.91 -7.20
15.55 -14.82 -6.70
22.98 -3.49 -1.58
-5.01 -13.17 -5.96
-7.97 9.35 4.23
1.26 -13.62 -6.16
12.40 3.56 1.61
7.53 9.54 4.32
-0.33 12.02 5.44
-8.11 9.37 4.24
-12.56 3.05 1.38
-3.07 -14.31 -6.47
3.47 -15.81 -7.15
22.67 -7.46 -3.37
-5.57 -12.79 -5.78
4.33 -14.22 -6.43
11.18 -12.97 -5.87
19.41 -4.75 -2.15
21.35 7.78 3.52
-1.11 -13.45 -6.08
8.53 -12.34 -5.58
9.78 7.94 3.59
2.59 11.61 5.25
-5.57 10.70 4.84
-11.50 5.53 2.50
-13.05 -1.82 -0.82
-4.60 -13.68 -6.19
-5.56 -19.58 -8.86
5.79 -14.66 -6.63
12.88 -12.97 -5.87
-7.29 -12.36 -5.59
2.38 -14.97 -6.77
3.75 -19.10 -8.64
9.30 -14.15 -6.40
23.26 5.38 2.44
-5.35 10.79 4.88
-2.24 -13.33 -6.03
7.69 -13.30 -6.02
-9.65 -7.23 6.30
-13.37 -1.42 1.23
14.83 1.09 -0.95
13.59 -6.22 5.42
10.37 -10.72 9.34
4.86 -16.56 14.43
-0.25 -14.70 12.81
-7.34 -8.09 7.05
9.53 8.93 -7.78
16.94 1.74 -1.52
18.29 -3.59 3.13
12.44 -2.84 2.47
-9.28 -9.08 7.91
-12.62 -2.65 2.31
14.99 0.42 -0.36
13.15 -6.87 5.99
10.36 -12.81 11.16
5.61 -12.90 11.24
-14.86 -12.74 11.10
-8.47 -7.43 6.48
10.91 8.19 -7.14
16.20 3.06 -2.66
12.22 -3.76 3.27
-10.42 -8.34 7.27
-13.30 -1.75 1.52
14.84 1.03 -0.90
12.78 -5.92 5.16
10.46 -10.95 9.54
-0.36 -15.00 13.07
-13.47 -13.21 11.51
-11.68 -4.30 3.75
7.76 9.76 -8.51
15.18 4.68 -4.08
16.75 1.72 -1.50
7.03 14.20 -12.37
-6.26 -9.69 8.45
-11.56 -4.48 3.90
14.85 -2.45 2.14
10.72 -9.46 8.24
5.67 -13.28 11.57
-7.98 -7.93 6.91
-12.69 -2.74 2.39
10.04 8.70 -7.58
18.30 -0.03 0.02
12.53 -2.30 2.01
-8.42 -9.36 8.15
-12.48 -3.24 2.83
15.15 -1.60 1.39
11.70 -8.66 7.55
13.40 -14.18 12.36
7.21 -12.68 11.05
-4.72 -14.65 12.77
-12.40 -3.18 2.77
9.33 9.05 -7.88
16.21 2.70 -2.36
17.73 -2.33 2.03
9.15 13.49 -11.76
-7.28 -9.37 8.16
-12.54 -3.97 3.46
15.03 -1.71 1.49
11.51 -8.81 7.67
6.95 -13.01 11.34
-12.49 -2.98 2.59
9.65 8.95 -7.80
15.99 3.37 -2.94
18.07 -1.61 1.40
9.68 13.54 -11.80
12.83 -1.58 1.38
-7.13 -9.52 8.30
-12.36 -4.10 3.57
15.11 -1.21 1.06
18.16 -10.89 9.49
12.31 -8.62 7.51
7.58 -12.39 10.80
-4.39 -15.48 13.49
-9.21 -6.92 6.03
11.77 7.83 -6.83
16.10 3.04 -2.65
17.81 -1.96 1.71
5.55 17.45 5.08
11.74 17.98 5.23
23.98 -6.09 -1.77
-9.73 -11.21 -3.26
-10.48 -15.79 -4.59
-12.66 -2.84 -0.83
10.10 9.99 2.91
15.38 3.01 0.88
16.99 -3.12 -0.91
11.29 20.66 6.01
10.79 15.36 4.47
24.64 1.69 0.49
-10.85 -10.36 -3.01
-16.35 -2.12 -0.62
0.56 -14.78 -4.30
-9.40 -13.02 -3.79
-15.67 -9.63 -2.80
-11.35 -6.09 -1.77
-12.98 1.67 0.49
13.86 6.22 1.81
15.70 2.39 0.70
16.91 -3.94 -1.15
5.48 16.56 4.82
10.67 20.32 5.91
17.25 11.84 3.44
12.99 -1.62 -0.47
-6.73 -12.22 -3.56
-14.83 -6.73 -1.96
5.98 -14.04 -4.09
-3.98 -14.68 -4.27
-10.83 -13.68 -3.98
-18.75 -5.14 -1.50
-12.66 -2.84 -0.83
16.35 -3.27 -0.95
10.70 15.42 4.49
20.55 6.99 2.03
-10.29 -10.48 -3.05
-16.65 -2.79 -0.81
5.30 -13.27 -3.86
-4.31 -14.59 -4.25
-10.77 -13.00 -3.78
-23.53 6.55 1.91
-12.40 -3.76 -1.09
15.70 2.39 0.70
16.83 -3.83 -1.11
2.07 16.39 4.77
9.24 15.83 4.61
-9.73 -10.96 -3.19
-16.49 -3.57 -1.04
-17.83 -7.33 -2.13
-11.80 -5.23 -1.52
14.41 5.22 1.52
15.27 3.50 1.02
21.65 -1.41 -0.41
6.90 16.38 4.77
17.80 10.33 3.01
12.77 -2.35 -0.68
-7.71 -12.02 -3.50
-15.07 -5.71 -1.66
-19.36 -12.62 -3.67
-15.81 -8.47 -2.46
-19.52 2.53 0.73
-11.31 -6.15 -1.79
-13.09 1.62 0.47
13.89 6.15 1.79
24.58 0.99 0.29
16.23 -4.52 -1.31
5.73 16.69 4.86
17.84 14.84 4.32
16.79 11.12 3.24
-14.62 -6.92 -2.01
-18.06 -1.18 -0.34
-2.26 -14.92 -4.34
-11.90 -11.38 -3.31
-19.70 -2.68 -0.78
-12.16 -4.41 -1.28
16.31 -3.44 -1.00
5.52 -9.68 11.20
11.69 -8.25 9.55
18.79 -2.25 2.60
19.43 6.32 -7.32
-17.08 -0.59 0.68
-17.12 -5.38 6.23
-17.79 -7.89 9.14
-16.01 -12.29 14.23
-13.72 2.40 -2.78
-14.20 -3.72 4.31
-8.69 -9.32 10.79
-2.75 -11.76 13.62
-8.70 -6.23 7.21
9.47 -8.75 10.14
15.20 -6.30 7.30
21.31 -5.99 6.94
20.34 1.03 -1.19
-23.00 0.03 -0.04
-17.73 -0.99 1.15
-14.63 -8.53 9.87
4.05 8.07 -9.35
-12.43 -6.69 7.74
-8.17 -9.97 11.54
2.99 -12.86 14.89
16.11 -10.36 12.00
-11.49 -4.12 4.77
14.50 2.52 -2.92
4.48 -9.77 11.31
13.75 -6.65 7.70
23.47 -5.43 6.29
18.13 -2.99 3.46
20.11 5.49 -6.36
-16.65 0.80 -0.93
-15.75 -6.59 7.63
-11.85 -11.17 12.94
0.88 -15.74 18.23
3.85 8.12 -9.40
-12.37 -6.73 7.80
-8.42 -10.55 12.21
-9.62 -13.08 15.14
3.20 -12.84 14.86
-12.51 -2.32 2.68
-7.83 -6.70 7.76
0.92 -9.92 11.48
13.89 -12.55 14.53
10.73 -8.28 9.58
16.07 -5.44 6.30
20.22 2.20 -2.55
-21.20 5.82 -6.74
-17.66 -0.74 0.85
-14.99 -8.36 9.68
-13.24 -5.39 6.24
13.83 -11.35 13.14
-12.73 -1.73 2.00
-8.67 -6.42 7.43
9.76 -8.62 9.98
15.32 -6.05 7.01
18.14 -5.02 5.82
17.19 10.18 -11.79
-17.49 0.47 -0.54
-16.48 -7.40 8.57
-7.22 -14.21 16.45
-13.42 -5.33 6.17
13.54 -11.50 13.31
-8.29 -6.63 7.68
14.50 2.75 -3.18
0.33 -9.87 11.42
10.04 -8.47 9.81
15.74 -5.84 6.76
20.15 1.60 -1.86
17.04 10.67 -12.35
-17.60 0.03 -0.03
-15.64 -7.62 8.82
-14.70 -1.13 1.31
-11.67 -7.25 8.40
-7.26 -10.77 12.47
17.43 -9.50 11.00
-11.08 -4.45 5.15
5.28 -9.73 11.27
14.32 -6.23 7.22
18.63 -2.44 2.82
19.73 6.07 -7.02
-23.76 2.62 -3.03
-16.53 0.98 -1.13
-17.77 -3.59 4.16
-7.70 -12.56 14.54
-3.60 -8.16 9.45
-14.57 -2.04 2.36
-10.78 -8.08 9.35
-10.44 -4.95 5.73
11.91 -9.34 -1.33
16.49 -0.44 -0.06
17.11 6.43 0.92
14.88 18.39 2.62
10.93 17.05 2.43
-20.93 -5.30 -0.76
-12.67 -14.41 -2.05
-15.49 -19.05 -2.72
5.86 13.67 1.95
-3.90 15.67 2.23
-5.64 19.82 2.83
-10.75 14.54 2.07
-3.36 -14.68 -2.09
-6.02 -11.41 -1.63
11.60 -9.73 -1.39
16.47 -0.98 -0.14
23.64 2.72 0.39
17.31 5.87 0.84
11.55 16.77 2.39
-21.55 -12.36 -1.76
-12.59 -14.48 -2.06
3.99 -21.12 -3.01
5.12 14.06 2.00
-4.88 15.50 2.21
-11.68 13.95 1.99
-22.85 5.44 0.78
1.17 -12.92 -1.84
10.72 -10.38 -1.48
16.16 -2.12 -0.30
17.40 4.55 0.65
12.63 15.61 2.23
0.75 22.76 3.24
-24.31 -4.35 -0.62
-13.76 -13.12 -1.87
-3.44 -20.91 -2.98
-1.66 15.75 2.25
-8.53 15.47 2.20
-20.65 9.33 1.33
-13.03 1.32 0.19
-11.40 -6.77 -0.97
-5.33 -12.92 -1.84
3.86 -14.66 -2.09
13.06 -10.31 -1.47
0.16 -12.77 -1.82
9.82 -11.09 -1.58
15.85 -3.32 -0.47
17.41 3.16 0.45
13.45 14.39 2.05
2.35 22.35 3.19
-24.46 -1.41 -0.20
-13.68 -13.05 -1.86
-3.32 -20.93 -2.98
-1.59 15.86 2.26
-8.36 15.56 2.22
-17.65 8.21 1.17
-13.01 1.54 0.22
-11.55 -6.52 -0.93
12.98 -10.72 -1.53
0.17 -12.97 -1.85
9.75 -11.02 -1.57
15.85 -3.32 -0.47
17.41 3.16 0.45
13.45 14.39 2.05
2.33 22.15 3.16
-12.75 -14.34 -2.04
-1.59 -21.42 -3.05
-1.28 -24.52 -3.50
4.49 14.27 2.03
-5.54 15.49 2.21
-12.21 13.49 1.92
-20.49 4.06 0.58
-1.38 -14.99 -2.14
-2.51 -12.53 -1.79
14.48 -6.26 -0.89
16.74 3.90 0.56
15.55 11.14 1.59
6.59 20.57 2.93
-14.68 -11.47 -1.63
-5.27 -20.02 -2.85
9.19 -22.27 -3.17
5.67 13.64 1.94
-4.05 15.53 2.21
-10.85 14.34 2.04
-19.77 5.74 0.82
-13.29 -0.39 -0.06
-10.52 -8.38 -1.19
-3.54 -13.72 -1.96
5.81 -14.12 -2.01
14.40 -8.57 -1.22
-5.83 -11.50 -1.64
2.31 -12.77 -1.82
11.81 -9.47 -1.35
16.49 -0.62 -0.09
17.14 6.34 0.90
17.99 9.73 1.39
-1.70 23.30 3.32
-11.23 -16.03 -2.28
0.81 -21.96 -3.13
3.28 14.90 2.12
-7.06 15.31 2.18
-13.65 12.65 1.80
-20.97 2.29 0.33
-3.41 -13.85 -1.97
0.45 -12.96 -1.85
13.71 3.28 -5.11
15.89 -1.97 3.07
14.62 -5.58 8.70
11.84 -10.46 16.30
6.03 -10.08 15.69
10.41 -4.38 6.83
-16.62 4.75 -7.40
-8.95 10.38 -16.17
4.97 12.80 -19.93
2.36 -7.67 11.95
-7.31 -7.63 11.88
5.47 6.73 -10.48
0.95 7.01 -10.91
8.53 5.30 -8.25
15.32 1.28 -1.99
14.92 -4.29 6.68
15.30 -8.01 12.47
11.93 -7.78 12.12
0.80 -13.34 20.77
-10.18 -4.46 6.94
-13.19 -0.27 0.42
-17.50 1.76 -2.75
-18.75 3.44 -5.36
-2.27 12.09 -18.84
-3.53 -8.32 12.96
-10.39 -7.94 12.37
4.30 6.86 -10.68
7.28 5.88 -9.16
14.73 2.24 -3.49
15.39 -3.21 5.00
18.34 -7.86 12.23
13.36 -6.84 10.65
-1.69 -10.98 17.11
-8.77 -5.11 7.96
-12.77 -1.30 2.03
-15.14 6.38 -9.94
-5.66 11.49 -17.89
-10.46 -6.82 10.63
3.53 6.87 -10.70
12.06 4.44 -6.92
15.88 -0.38 0.59
15.88 -3.98 6.20
9.19 -9.11 14.18
2.40 -11.82 18.40
-11.24 -4.95 7.70
-16.97 3.40 -5.29
-11.07 9.26 -14.42
1.62 12.56 -19.56
13.17 -0.51 0.79
10.13 -4.74 7.38
3.02 -7.50 11.68
-6.56 -7.77 12.09
-13.14 -6.65 10.35
0.61 7.12 -11.10
8.52 5.59 -8.70
4.26 6.58 -10.24
12.70 4.00 -6.22
15.89 -1.00 1.55
15.31 -4.58 7.13
7.91 -9.51 14.81
-4.87 -11.76 18.31
-11.90 -4.57 7.11
-22.26 4.23 -6.59
-16.61 4.02 -6.25
-9.91 9.76 -15.20
11.52 3.14 -4.89
1.66 -7.73 12.04
-8.30 -7.70 12.00
-14.35 -5.87 9.14
6.24 6.22 -9.69
14.03 2.87 -4.47
15.76 -2.45 3.82
14.18 -6.08 9.46
5.10 -10.45 16.27
-8.60 -11.47 17.86
-21.60 0.04 -0.06
-23.60 3.56 -5.55
-1.90 -8.09 12.61
-11.47 -6.41 9.98
-18.28 -4.25 6.62
4.22 6.99 -10.88
15.39 1.01 -1.57
24.66 0.80 -1.25
14.65 -4.55 7.09
11.45 -7.99 12.44
0.46 -11.56 18.00
-9.99 -4.58 7.13
-13.08 -0.43 0.66
-14.12 7.35 -11.44
-3.57 11.84 -18.44
-3.19 -8.36 13.02
-9.81 -7.77 12.10
-18.74 -3.46 5.39
5.19 6.67 -10.40
12.25 3.88 -6.04
2.10 6.99 -10.88
13.93 -6.09 -0.00
8.24 -14.53 -0.00
2.28 -18.06 -0.00
-10.03 -17.65 -0.00
-21.63 -9.43 -0.00
-22.53 9.64 0.00
-13.82 12.60 0.00
-3.92 20.53 0.00
10.04 -8.41 -0.00
8.53 9.81 0.00
12.54 3.80 0.00
13.51 -7.38 -0.00
6.97 -15.28 -0.00
0.59 -18.29 -0.00
-11.63 -16.64 -0.00
-21.85 -7.19 -0.00
-15.28 15.55 0.00
-11.94 15.17 0.00
9.56 -9.25 -0.00
8.48 9.86 0.00
13.39 -7.41 -0.00
6.85 -15.23 -0.00
0.59 -18.29 -0.00
-11.81 -16.88 -0.00
-24.05 6.43 0.00
-15.96 14.55 0.00
-12.68 14.41 0.00
9.44 -8.93 -0.00
8.48 9.86 0.00
12.81 2.76 0.00
13.47 -7.46 -0.00
10.35 -18.73 -0.00
6.85 -15.23 -0.00
0.50 -18.59 -0.00
-23.36 -7.40 -0.00
-11.14 15.88 0.00
0.70 22.59 0.00
9.34 -9.04 -0.00
7.98 10.26 0.00
12.79 2.83 0.00
13.65 -6.70 -0.00
19.61 -14.86 -0.00
7.50 -14.70 -0.00
1.49 -18.14 -0.00
-10.96 -17.44 -0.00
-12.35 14.83 0.00
-1.11 21.57 0.00
9.52 -9.00 -0.00
14.15 -5.28 -0.00
8.81 -13.72 -0.00
5.38 -17.28 -0.00
5.49 -19.13 -0.00
-5.35 -22.16 -0.00
-24.36 -1.40 -0.00
-16.73 13.35 0.00
10.54 -7.62 -0.00
3.97 -12.48 -0.00
10.83 7.01 0.00
12.28 4.55 0.00
11.23 -11.11 -0.00
15.23 -16.83 -0.00
2.53 -17.01 -0.00
-4.63 -18.32 -0.00
-12.55 -7.26 -0.00
-16.15 16.80 0.00
-8.17 18.58 0.00
7.80 -10.65 -0.00
11.37 6.10 0.00
13.07 -0.89 -0.00
4.25 -8.00 -12.46
-6.04 -8.59 -13.37
-12.86 -7.41 -11.54
-14.89 -8.30 -12.93
-14.60 -0.10 -0.16
-9.66 8.59 13.38
12.97 0.45 0.70
8.13 -6.68 -10.40
-0.99 -8.74 -13.61
-7.80 -8.58 -13.37
-13.29 6.48 10.09
2.87 -8.23 -12.82
-7.32 -8.17 -12.72
-10.46 -8.37 -13.04
-21.33 -0.94 -1.47
-8.36 8.92 13.89
12.99 -0.21 -0.32
6.64 6.16 9.60
9.38 -6.12 -9.53
0.78 -8.63 -13.45
-19.18 -5.00 -7.79
-12.32 6.48 10.10
-7.39 9.22 14.36
12.70 -1.23 -1.92
5.94 6.37 9.92
9.97 -5.76 -8.97
1.72 -8.49 -13.22
-21.40 -0.05 -0.09
-12.55 6.12 9.52
12.82 -0.78 -1.21
1.43 6.98 10.87
6.72 -7.31 -11.38
-2.96 -8.71 -13.57
-13.10 6.67 10.39
12.61 1.71 2.66
4.30 -7.93 -12.35
-5.90 -8.67 -13.51
-11.35 7.62 11.86
12.97 0.49 0.76
10.19 -3.36 7.34
13.20 -0.15 0.33
-13.17 3.78 -8.26
-7.47 5.27 -11.51
-14.58 2.53 -5.53
-5.18 4.96 -10.84
-2.03 -5.39 11.77
6.64 -5.22 11.41
-7.52 5.30 -11.59
-14.58 2.53 -5.53
-4.31 5.10 -11.15
8.66 -3.98 8.69
12.76 -1.03 2.26
7.73 -4.35 9.50
-16.48 1.57 -3.42
-7.99 -4.42 9.67
0.05 -5.95 13.00
-16.54 1.45 -3.17
10.97 -2.83 6.18
13.15 0.45 -0.99
-6.23 5.59 -12.21
-14.00 3.14 -6.85
-3.49 -5.34 11.67
5.30 -5.48 11.98
12.90 -0.18 -0.21
-15.38 -0.56 -0.65
-15.20 0.16 0.18
-7.94 6.73 7.79
-7.03 -7.38 -8.54
1.20 -8.59 -9.95
9.38 -6.79 -7.87
-14.98 1.68 1.94
-7.56 -7.47 -8.65
0.81 -9.00 -10.43
12.82 -1.39 -1.61
-15.32 1.04 1.21
-7.53 6.92 8.02
0.70 -8.62 -9.98
9.29 -7.19 -8.33
-15.40 -0.06 -0.07
10.43 -5.61 -6.49
12.97 -0.60 -0.70
-12.94 1.71 1.99
2.14 -8.51 -9.86
10.24 -6.43 -7.45
3.79 -3.53 11.92
-4.48 -3.52 11.91
-11.74 2.83 -9.56
-13.03 -0.40 1.34
-11.43 1.93 -6.51
-5.12 3.51 -11.87
3.35 3.71 -12.54
10.47 2.42 -8.17
8.28 -2.81 9.48
0.72 -3.74 12.64
-9.15 3.51 -11.88
-1.89 3.82 -12.91
6.37 3.28 -11.09
13.12 1.68 -5.69
7.67 -3.01 10.18
-0.22 -3.74 12.66
-0.63 3.85 -13.03
-9.00 3.58 -12.10
13.38 1.35 -4.57
8.56 -2.77 9.38
12.81 1.74 -5.88
2.21 -3.66 12.38
-10.12 3.14 -10.62
-13.09 0.11 -0.39
-10.35 2.37 -8.01
-3.31 3.68 -12.45
5.10 3.48 -11.78
12.22 2.05 -6.94
5.96 -3.31 11.19
-2.24 -3.69 12.47
-13.00 2.12 -7.18
-12.27 -1.22 4.13
-12.59 1.13 -3.81
-7.82 3.09 -10.44
0.27 3.86 -13.04
8.00 2.91 -9.83
13.70 1.06 -3.57
2.92 -9.63 -8.39
-2.36 11.17 9.73
-12.92 -1.10 -0.96
-11.39 5.04 4.39
-5.19 9.31 8.12
3.30 9.95 8.67
10.32 6.33 5.51
14.19 0.43 0.38
-6.27 9.94 8.66
-0.33 10.25 8.93
7.71 8.17 7.12
13.53 3.26 2.84
0.99 -9.77 -8.52
-7.02 -8.43 -7.34
-0.24 11.61 10.12
-1.06 10.07 8.78
7.16 8.54 7.44
-1.80 -9.78 -8.52
-9.29 -7.07 -6.16
-6.29 10.27 8.95
3.12 11.06 9.64
0.50 10.25 8.93
8.42 7.86 6.85
13.76 2.64 2.30
-1.73 -9.79 -8.53
-9.24 -7.11 -6.20
0.78 10.09 8.79
0.78 -9.78 -8.53
-7.26 -8.31 -7.24
6.07 9.01 7.85
12.74 4.73 4.12
13.94 -2.03 -1.77
10.41 -1.65 11.22
-0.18 -1.99 13.55
8.19 -1.63 11.11
14.36 -0.63 4.29
3.92 -2.11 14.32
-12.67 0.43 -2.90
-12.05 -0.78 5.33
-12.74 0.38 -2.56
-11.93 -0.82 5.59
-6.25 -1.72 11.73
2.13 -1.95 13.29
9.66 -1.35 9.18
14.09 -0.25 1.72
-12.35 -0.68 4.60
-7.14 -1.65 11.22
1.09 -1.97 13.41
8.92 -1.45 9.89
-4.41 -2.15 14.60
-7.45 -1.62 11.02
0.79 -2.18 14.82
-12.85 0.73 -4.97
-14.67 -0.58 3.93
-10.44 -1.40 9.52
10.40 1.13 -7.71
-8.95 1.51 -10.27
-13.38 0.43 -2.91
-13.66 -0.90 6.13
-7.22 -1.91 13.01
-11.55 5.81 -2.63
-4.88 -11.66 5.27
3.79 -12.09 5.47
13.41 -8.92 4.03
-7.30 -10.56 4.78
-7.06 9.94 -4.50
8.49 -10.14 4.59
-7.12 9.91 -4.48
8.43 -9.96 4.50
10.35 -10.51 4.75
-7.18 9.87 -4.47
-6.04 -11.41 5.16
2.92 -13.59 6.15
-12.47 -4.94 2.23
-10.87 6.83 -3.09
5.87 -12.58 5.69
-4.43 -11.52 5.21
4.03 -11.64 5.27
