19.89 -0.66 0.20
15.87 -0.95 0.29
15.36 -1.09 0.33
-3.78 -11.80 3.61
-3.95 -11.84 3.62
-4.12 -11.89 3.64
-4.27 -11.84 3.62
-4.41 -11.80 3.61
-4.55 -11.75 3.59
-4.77 -11.87 3.63
-5.02 -12.09 3.70
-5.24 -12.21 3.73
-5.85 -12.38 3.78
-6.08 -12.48 3.82
-6.53 -12.27 3.75
-6.58 -12.03 3.68
-7.20 -12.80 3.91
-7.61 -12.80 3.91
-9.23 -12.96 3.96
-21.59 11.86 -3.63
19.58 -0.77 0.24
15.77 -0.86 0.26
15.66 -1.03 0.31
15.45 -1.19 0.36
-3.86 -11.87 3.63
-4.00 -11.83 3.62
-4.15 -11.78 3.60
-4.29 -11.74 3.59
-5.22 -12.01 3.67
-6.06 -12.28 3.76
-6.35 -12.15 3.71
-7.32 -12.52 3.83
-8.03 -12.68 3.88
-9.63 -13.05 3.99
-21.67 11.72 -3.58
-5.49 17.30 -5.29
-1.12 16.89 -5.16
19.79 -0.67 0.21
15.87 -0.96 0.29
15.36 -1.10 0.34
-3.75 -11.80 3.61
-3.92 -11.85 3.62
-4.06 -11.81 3.61
-4.20 -11.76 3.60
-4.45 -11.99 3.66
-4.52 -11.76 3.59
-4.73 -11.89 3.63
-5.36 -12.16 3.72
-5.50 -12.10 3.70
-6.20 -12.43 3.80
-6.34 -12.36 3.78
-6.45 -12.21 3.73
-7.32 -12.74 3.89
-7.47 -12.66 3.87
-8.19 -12.81 3.92
-21.51 12.00 -3.67
-1.07 16.90 -5.17
19.89 -0.54 0.17
15.87 -0.95 0.29
15.36 -1.09 0.33
-3.74 -11.81 3.61
-3.91 -11.86 3.62
-4.06 -11.81 3.61
-4.23 -11.86 3.62
-4.37 -11.81 3.61
-5.95 -12.33 3.77
-6.19 -12.43 3.80
-6.34 -12.37 3.78
-6.44 -12.21 3.73
-7.22 -12.57 3.84
-7.47 -12.66 3.87
-8.18 -12.81 3.92
-21.33 12.29 -3.76
-5.53 17.18 -5.25
19.48 -0.81 0.25
15.77 -0.90 0.27
15.56 -1.06 0.32
15.55 -1.23 0.38
-3.84 -11.78 3.60
-4.01 -11.83 3.62
-4.15 -11.78 3.60
-4.29 -11.73 3.59
-4.86 -11.94 3.65
-5.01 -11.89 3.63
-5.07 -11.65 3.56
-5.25 -11.69 3.57
-5.51 -11.89 3.63
-7.02 -12.68 3.88
-7.08 -12.10 3.70
-7.98 -12.60 3.85
-9.63 -13.05 3.99
-21.64 11.79 -3.60
-5.62 17.26 -5.28
-1.36 16.68 -5.10
19.89 -0.47 0.15
15.87 -0.96 0.29
15.36 -1.10 0.34
-3.76 -11.80 3.61
-3.93 -11.85 3.62
-4.11 -11.90 3.64
-4.22 -11.76 3.60
-4.36 -11.71 3.58
-5.18 -11.72 3.58
-5.98 -12.32 3.77
-6.36 -12.35 3.78
-6.51 -12.28 3.76
-7.34 -12.73 3.89
-7.49 -12.65 3.87
-9.21 -12.97 3.97
-21.62 11.81 -3.61
19.69 -0.56 0.17
15.87 -0.94 0.29
15.46 -1.08 0.33
15.54 -1.26 0.39
-3.73 -11.81 3.61
-3.90 -11.86 3.63
-4.05 -11.81 3.61
-4.19 -11.77 3.60
-4.40 -11.90 3.64
-4.90 -11.93 3.65
-5.01 -11.78 3.60
-5.23 -11.90 3.64
-6.18 -12.44 3.80
-6.42 -12.54 3.83
-6.39 -12.13 3.71
-6.54 -12.06 3.69
-6.68 -11.98 3.66
-8.28 -12.98 3.97
-9.78 -13.18 4.03
-21.50 12.01 -3.67
-5.52 17.29 -5.28
19.78 -0.77 0.22
15.77 -0.86 0.25
15.36 -1.01 0.29
16.11 -1.60 0.46
-4.25 -11.71 3.36
-4.46 -11.84 3.40
-4.57 -11.70 3.36
-4.78 -11.83 3.39
-4.92 -11.77 3.38
-6.20 -12.28 3.52
-6.21 -11.95 3.43
-7.02 -12.42 3.56
-7.32 -12.59 3.61
-7.47 -12.51 3.59
-8.28 -12.48 3.58
-10.39 -13.30 3.81
-4.88 17.55 -5.03
-2.23 17.46 -5.01
19.59 -0.71 0.20
15.47 -0.97 0.28
15.45 -1.14 0.33
-4.24 -11.81 3.39
-4.38 -11.77 3.37
-4.56 -11.81 3.39
-4.74 -11.84 3.40
-4.88 -11.79 3.38
-5.02 -11.74 3.37
-5.24 -11.86 3.40
-5.38 -11.80 3.38
-5.60 -11.91 3.42
-6.30 -12.24 3.51
-6.44 -12.16 3.49
-6.68 -12.26 3.52
-10.55 -13.30 3.81
-21.26 12.47 -3.57
19.78 -0.77 0.22
15.77 -0.86 0.25
15.36 -1.01 0.29
16.31 -1.62 0.46
-4.25 -11.71 3.36
-4.46 -11.84 3.40
-4.56 -11.70 3.36
-4.71 -11.65 3.34
-4.96 -11.86 3.40
-5.02 -11.63 3.33
-6.24 -12.37 3.55
-6.21 -11.95 3.43
-6.97 -12.33 3.54
-7.98 -12.66 3.63
-8.18 -12.65 3.63
-8.28 -12.48 3.58
-10.39 -13.29 3.81
19.59 -0.68 0.19
15.57 -0.95 0.27
15.46 -1.12 0.32
-4.23 -11.82 3.39
-4.37 -11.77 3.37
-4.54 -11.81 3.39
-4.69 -11.76 3.37
-4.90 -11.89 3.41
-4.97 -11.65 3.34
-5.55 -11.83 3.39
-5.73 -11.85 3.40
-6.43 -12.17 3.49
-6.48 -11.93 3.42
-7.56 -12.46 3.57
-10.54 -13.31 3.82
-21.44 12.18 -3.49
-4.75 17.59 -5.04
19.49 -0.62 0.18
15.77 -0.92 0.26
15.36 -1.06 0.31
-4.29 -11.70 3.35
-4.46 -11.74 3.37
-4.64 -11.78 3.38
-4.85 -11.90 3.41
-4.92 -11.67 3.35
-5.09 -11.71 3.36
-5.27 -11.74 3.37
-5.82 -11.81 3.39
-6.52 -12.13 3.48
-7.50 -12.49 3.58
-8.32 -12.80 3.67
-8.36 -12.55 3.60
-10.66 -13.58 3.89
-4.73 17.69 -5.07
19.49 -0.64 0.18
15.67 -0.93 0.27
15.36 -1.08 0.31
-4.24 -11.81 3.39
-4.38 -11.77 3.37
-4.56 -11.81 3.39
-4.77 -11.93 3.42
-4.95 -11.97 3.43
-4.98 -11.65 3.34
-6.44 -12.17 3.49
-7.56 -12.45 3.57
-21.47 12.13 -3.48
-4.75 17.58 -5.04
19.49 -0.66 0.19
15.67 -0.95 0.27
15.46 -1.11 0.32
-4.23 -11.82 3.39
-4.37 -11.77 3.37
-4.55 -11.81 3.39
-4.76 -11.94 3.42
-4.94 -11.97 3.43
-4.93 -11.56 3.32
-5.60 -11.92 3.42
-5.74 -11.85 3.40
-6.44 -12.17 3.49
-6.58 -12.09 3.47
-6.73 -12.02 3.45
-6.87 -11.94 3.42
-7.86 -12.28 3.52
-10.55 -13.30 3.81
-21.21 12.54 -3.60
-4.91 17.45 -5.00
-4.75 17.68 -5.07
19.59 -0.61 0.15
15.78 -0.73 0.18
15.27 -0.88 0.22
15.46 -1.07 0.27
-4.73 -11.75 2.93
-4.95 -11.87 2.96
-5.05 -11.73 2.92
-5.15 -11.58 2.89
-5.65 -11.58 2.89
-5.91 -11.78 2.94
-6.14 -11.88 2.96
-7.79 -12.44 3.10
15.68 -0.82 0.20
15.37 -0.98 0.24
-4.63 -11.68 2.91
-4.84 -11.81 2.94
-5.02 -11.84 2.95
-5.09 -11.61 2.89
-5.26 -11.64 2.90
-5.49 -11.76 2.93
-5.67 -11.78 2.94
-5.89 -11.89 2.97
-6.04 -11.83 2.95
-6.65 -11.96 2.98
-8.38 -12.53 3.13
-10.20 -12.83 3.20
15.78 -0.77 0.19
15.27 -0.92 0.23
-4.76 -11.74 2.93
-5.08 -11.72 2.92
-5.22 -11.66 2.91
-5.44 -11.78 2.94
-5.54 -11.63 2.90
-5.80 -11.83 2.95
-5.77 -11.41 2.85
-6.31 -12.13 3.02
-6.36 -11.88 2.96
-7.82 -12.42 3.10
-8.49 -12.47 3.11
-9.12 -12.75 3.18
15.78 -0.78 0.19
15.27 -0.93 0.23
-4.83 -11.82 2.95
-4.93 -11.67 2.91
-5.15 -11.79 2.94
-5.69 -11.88 2.96
-5.88 -11.90 2.97
-7.06 -12.07 3.01
-7.25 -12.07 3.01
-7.86 -12.40 3.09
-8.00 -12.31 3.07
-8.15 -12.22 3.05
-10.18 -12.84 3.20
15.68 -0.81 0.20
15.27 -0.96 0.24
-4.78 -11.73 2.93
-4.91 -11.68 2.91
-5.09 -11.71 2.92
-5.23 -11.65 2.91
-5.45 -11.77 2.93
-5.68 -11.88 2.96
-5.82 -11.82 2.95
-6.90 -12.15 3.03
-6.99 -11.99 2.99
-7.24 -12.08 3.01
-7.84 -12.41 3.09
-7.82 -12.08 3.01
15.78 -0.76 0.19
15.27 -0.90 0.23
-4.55 -11.71 2.92
-4.90 -11.79 2.94
-5.00 -11.64 2.90
-5.18 -11.67 2.91
-5.36 -11.70 2.92
-5.54 -11.73 2.92
-6.42 -11.74 2.93
-7.29 -12.28 3.06
-7.43 -12.19 3.04
-8.35 -12.67 3.16
-8.50 -12.58 3.14
-8.91 -12.54 3.13
19.49 -0.52 0.13
15.58 -0.83 0.21
15.37 -0.99 0.25
-4.62 -11.69 2.91
-4.84 -11.81 2.95
-4.98 -11.76 2.93
-5.12 -11.70 2.92
-5.22 -11.55 2.88
-5.39 -11.58 2.89
-6.58 -12.21 3.04
-8.01 -12.31 3.07
-9.66 -13.10 3.27
19.39 -0.47 0.11
15.48 -0.79 0.18
15.37 -0.96 0.22
-4.91 -11.73 2.71
-5.05 -11.67 2.69
-5.37 -11.64 2.69
-5.87 -11.63 2.69
-6.42 -12.01 2.77
-6.61 -12.03 2.78
-7.66 -11.88 2.74
18.70 -0.41 0.10
15.58 -0.76 0.18
15.37 -0.93 0.21
-4.85 -11.65 2.69
-5.07 -11.77 2.72
-5.21 -11.71 2.70
-5.39 -11.74 2.71
-5.44 -11.50 2.66
-5.66 -11.62 2.68
-5.85 -11.64 2.69
-6.12 -11.83 2.73
-6.35 -11.94 2.76
-6.59 -12.04 2.78
-6.82 -12.13 2.80
-6.97 -12.06 2.78
-7.65 -12.23 2.82
-8.10 -12.30 2.84
15.68 -0.73 0.17
15.27 -0.89 0.20
-4.88 -11.74 2.71
-5.02 -11.68 2.70
-5.20 -11.72 2.71
-5.29 -11.57 2.67
-5.43 -11.51 2.66
-5.65 -11.62 2.68
-6.34 -11.94 2.76
-6.57 -12.04 2.78
-6.81 -12.14 2.80
-6.96 -12.06 2.78
-8.46 -12.54 2.90
19.49 -0.50 0.12
15.28 -0.80 0.19
-4.92 -11.72 2.71
-5.10 -11.76 2.71
-5.20 -11.61 2.68
-5.38 -11.64 2.69
-5.52 -11.58 2.67
-5.61 -11.43 2.64
-5.88 -11.63 2.68
-6.62 -12.02 2.78
-6.86 -12.12 2.80
-7.00 -12.04 2.78
-7.14 -11.96 2.76
-7.68 -12.21 2.82
-7.77 -12.04 2.78
19.49 -0.50 0.11
15.38 -0.81 0.19
-4.92 -11.73 2.71
-5.05 -11.67 2.69
-5.19 -11.61 2.68
-5.41 -11.73 2.71
-5.87 -11.63 2.68
-6.85 -12.12 2.80
-6.99 -12.04 2.78
-7.98 -12.38 2.86
-8.49 -12.52 2.89
18.89 -0.43 0.10
15.58 -0.77 0.18
15.37 -0.93 0.22
-5.00 -11.69 2.70
-5.13 -11.64 2.69
-5.27 -11.58 2.67
-5.76 -11.90 2.75
-5.86 -11.74 2.71
-6.69 -11.98 2.77
-7.22 -11.92 2.75
-7.46 -12.00 2.77
-8.07 -12.32 2.84
-8.93 -12.34 2.85
-10.25 -12.85 2.97
15.68 -0.71 0.16
15.27 -0.86 0.20
-4.78 -11.67 2.70
-4.96 -11.71 2.70
-5.59 -11.65 2.69
-6.56 -11.83 2.73
-8.02 -12.35 2.85
-8.43 -12.33 2.85
15.68 -0.68 0.14
15.28 -0.83 0.18
-5.39 -11.57 2.46
-5.53 -11.51 2.45
-5.66 -11.45 2.43
-5.89 -11.56 2.46
-6.07 -11.58 2.46
-6.25 -11.59 2.46
-6.29 -11.35 2.41
-6.82 -11.96 2.54
-7.34 -11.89 2.53
-7.59 -11.97 2.54
-7.73 -11.89 2.53
-8.60 -12.26 2.61
-9.00 -12.22 2.60
-9.20 -12.20 2.59
15.69 -0.66 0.14
15.18 -0.81 0.17
-5.39 -11.57 2.46
-5.57 -11.60 2.46
-5.67 -11.44 2.43
-5.89 -11.55 2.46
-6.30 -11.35 2.41
-6.82 -11.96 2.54
-7.34 -11.89 2.53
-7.98 -11.96 2.54
-9.18 -12.46 2.65
-9.15 -12.11 2.58
15.58 -0.68 0.14
15.28 -0.84 0.18
-5.39 -11.57 2.46
-5.56 -11.60 2.47
-5.66 -11.45 2.43
-5.88 -11.56 2.46
-6.06 -11.58 2.46
-6.25 -11.60 2.46
-6.29 -11.35 2.41
-6.81 -11.96 2.54
-6.81 -11.63 2.47
-7.09 -11.81 2.51
-7.39 -11.98 2.55
-7.86 -11.80 2.51
-9.06 -12.30 2.62
-9.14 -12.12 2.58
19.59 -0.44 0.09
15.28 -0.76 0.16
-5.41 -11.56 2.46
-5.59 -11.59 2.46
-5.68 -11.44 2.43
-6.13 -11.32 2.41
-7.36 -11.88 2.52
-8.73 -12.41 2.64
-9.08 -12.29 2.61
-9.23 -12.18 2.59
15.39 -0.44 0.09
15.69 -0.63 0.13
15.18 -0.78 0.17
-5.47 -11.64 2.47
-5.61 -11.58 2.46
-5.74 -11.52 2.45
-6.99 -11.86 2.52
-7.24 -11.95 2.54
-7.38 -11.87 2.52
-7.52 -11.78 2.50
-9.10 -12.27 2.61
-9.24 -12.17 2.59
15.69 -0.65 0.14
15.18 -0.80 0.17
-5.62 -11.58 2.46
-5.75 -11.51 2.45
-6.21 -11.40 2.42
-7.35 -12.11 2.57
-7.44 -11.94 2.54
-7.53 -11.78 2.50
-8.22 -11.92 2.53
-9.05 -12.19 2.59
-9.20 -12.08 2.57
15.58 -0.70 0.15
15.27 -0.86 0.18
-5.37 -11.58 2.46
-5.51 -11.52 2.45
-5.64 -11.46 2.44
-5.91 -11.65 2.48
-5.96 -11.41 2.43
-6.18 -11.52 2.45
-7.22 -11.73 2.49
-7.46 -11.82 2.51
-7.71 -11.90 2.53
-7.85 -11.81 2.51
-8.98 -12.24 2.60
15.59 -0.60 0.11
15.18 -0.76 0.13
-5.90 -11.52 2.03
-6.17 -11.38 2.01
-6.35 -11.40 2.01
-7.40 -11.94 2.10
-7.81 -11.68 2.06
-9.20 -12.16 2.14
19.90 -0.14 0.02
15.18 -0.68 0.12
-5.59 -11.45 2.02
-5.77 -11.47 2.02
-5.95 -11.49 2.03
-6.08 -11.43 2.01
-6.17 -11.27 1.99
-6.86 -11.56 2.04
-7.59 -11.82 2.08
-7.62 -11.57 2.04
-8.74 -12.01 2.12
15.18 -0.69 0.12
-5.65 -11.53 2.03
-5.78 -11.47 2.02
-6.01 -11.58 2.04
-6.09 -11.42 2.01
-7.46 -11.90 2.10
-7.60 -11.81 2.08
-7.63 -11.56 2.04
19.80 -0.36 0.06
15.18 -0.69 0.12
-5.71 -11.61 2.05
-5.80 -11.46 2.02
-5.98 -11.48 2.02
-6.12 -11.41 2.01
-7.73 -11.96 2.11
-7.76 -11.71 2.06
-8.92 -11.88 2.09
15.49 -0.63 0.11
15.18 -0.79 0.14
-5.93 -11.50 2.03
-6.02 -11.35 2.00
-6.33 -11.30 1.99
-7.46 -11.67 2.06
-7.71 -11.74 2.07
-7.96 -11.82 2.08
-8.57 -12.12 2.14
15.49 -0.40 0.07
15.59 -0.58 0.10
15.18 -0.74 0.13
-5.90 -11.52 2.03
-7.15 -11.85 2.09
-7.29 -11.77 2.08
15.59 -0.57 0.10
15.18 -0.73 0.13
-6.30 -11.65 2.05
-6.25 -11.23 1.98
-7.39 -11.94 2.11
-7.92 -11.84 2.09
15.50 -0.34 0.05
15.59 -0.52 0.08
15.18 -0.68 0.11
-5.76 -11.40 1.81
-6.12 -11.44 1.81
-6.21 -11.28 1.79
-6.39 -11.30 1.79
-6.52 -11.22 1.78
-6.70 -11.23 1.78
-6.78 -11.07 1.75
-7.33 -11.66 1.85
-7.47 -11.58 1.83
-8.04 -11.56 1.83
15.50 -0.31 0.05
15.59 -0.49 0.08
15.09 -0.65 0.10
-5.92 -11.43 1.81
-6.05 -11.36 1.80
-6.18 -11.29 1.79
-6.36 -11.31 1.79
-7.26 -11.59 1.84
-7.88 -11.67 1.85
-8.13 -11.74 1.86
-8.76 -12.03 1.91
15.70 -0.30 0.05
15.59 -0.47 0.08
15.09 -0.63 0.10
-5.90 -11.44 1.81
-6.04 -11.37 1.80
-6.17 -11.30 1.79
-6.35 -11.32 1.79
-6.43 -11.16 1.77
-7.24 -11.60 1.84
-7.86 -11.68 1.85
-8.00 -11.59 1.84
15.50 -0.35 0.05
15.59 -0.53 0.08
15.18 -0.69 0.11
-5.76 -11.40 1.81
-6.12 -11.44 1.81
-6.25 -11.37 1.80
-6.43 -11.38 1.80
-6.78 -11.07 1.75
-7.33 -11.67 1.85
-7.46 -11.58 1.83
-8.04 -11.56 1.83
-8.17 -11.47 1.82
15.59 -0.41 0.06
15.49 -0.58 0.09
15.18 -0.74 0.12
-6.15 -11.42 1.81
-6.33 -11.44 1.81
-6.42 -11.28 1.79
-6.60 -11.29 1.79
-6.83 -11.39 1.80
-6.86 -11.14 1.76
-7.41 -11.73 1.86
-7.44 -11.48 1.82
-7.93 -11.63 1.84
-8.18 -11.70 1.85
-9.39 -12.18 1.93
15.59 -0.43 0.07
15.29 -0.60 0.09
-5.99 -11.40 1.81
-6.21 -11.50 1.82
-6.25 -11.26 1.78
-6.93 -11.21 1.78
-9.35 -12.09 1.91
15.59 -0.39 0.06
15.39 -0.56 0.09
15.18 -0.73 0.12
-6.14 -11.43 1.81
-6.33 -11.44 1.81
-6.46 -11.37 1.80
-6.59 -11.29 1.79
-6.83 -11.39 1.80
-7.55 -11.65 1.84
-8.29 -11.87 1.88
-8.32 -11.61 1.84
15.60 -0.34 0.04
15.09 -0.51 0.06
-6.34 -11.27 1.38
-6.47 -11.19 1.37
-6.60 -11.12 1.37
-10.05 -11.97 1.47
15.60 -0.38 0.05
15.09 -0.54 0.07
-6.52 -11.16 1.37
-7.04 -11.43 1.40
-7.23 -11.43 1.40
-7.47 -11.52 1.41
-8.10 -11.58 1.42
-8.37 -11.39 1.40
-8.62 -11.45 1.41
15.50 -0.24 0.03
15.49 -0.42 0.05
15.09 -0.58 0.07
-6.64 -11.32 1.39
-6.77 -11.25 1.38
-6.80 -11.00 1.35
-8.12 -11.57 1.42
-8.82 -11.67 1.43
15.60 -0.29 0.04
15.29 -0.46 0.06
15.19 -0.64 0.08
-6.34 -11.27 1.38
-6.47 -11.19 1.37
-6.70 -11.29 1.39
-6.73 -11.04 1.36
-6.97 -11.13 1.37
-7.80 -11.54 1.42
-8.76 -11.47 1.41
-10.19 -12.12 1.49
15.40 -0.21 0.03
15.50 -0.39 0.05
15.09 -0.55 0.07
-6.62 -11.34 1.39
-6.65 -11.09 1.36
-7.84 -11.51 1.41
-8.09 -11.58 1.42
-8.53 -11.64 1.43
-8.67 -11.54 1.42
15.40 -0.21 0.03
15.50 -0.38 0.05
15.09 -0.55 0.07
-6.36 -11.25 1.38
-6.54 -11.26 1.38
-6.72 -11.27 1.38
-7.09 -11.29 1.39
-7.82 -11.53 1.42
-8.20 -11.51 1.41
-8.33 -11.41 1.40
-8.58 -11.48 1.41
15.50 -0.20 0.02
15.50 -0.37 0.05
15.09 -0.54 0.07
-6.41 -11.34 1.39
-6.49 -11.18 1.37
-6.67 -11.19 1.37
-7.09 -11.29 1.39
-7.33 -11.37 1.40
-7.82 -11.53 1.42
-8.06 -11.60 1.42
-8.33 -11.41 1.40
-8.46 -11.32 1.39
-8.72 -11.38 1.40
15.60 -0.19 0.02
15.40 -0.36 0.04
15.09 -0.53 0.06
-6.66 -11.22 1.18
-7.63 -11.31 1.19
-9.86 -11.76 1.24
15.60 -0.20 0.02
15.30 -0.37 0.04
15.09 -0.54 0.06
-6.50 -11.20 1.18
-6.68 -11.21 1.18
-6.76 -11.04 1.16
-6.89 -10.96 1.15
-8.21 -11.52 1.21
-8.23 -11.27 1.18
-9.82 -11.93 1.25
-10.09 -11.96 1.26
15.50 -0.29 0.03
15.09 -0.46 0.05
-6.43 -11.24 1.18
-6.82 -11.01 1.16
-7.05 -11.10 1.17
-7.91 -11.25 1.18
-9.82 -11.80 1.24
-9.96 -11.68 1.23
15.70 -0.13 0.01
15.50 -0.31 0.03
15.09 -0.48 0.05
-6.47 -11.33 1.19
-6.68 -11.09 1.17
-6.81 -11.01 1.16
-7.57 -11.35 1.19
-7.89 -11.26 1.18
-9.99 -12.04 1.27
15.60 -0.19 0.02
15.40 -0.36 0.04
15.09 -0.53 0.06
-6.45 -11.23 1.18
-6.81 -11.25 1.18
-6.94 -11.17 1.17
-7.12 -11.17 1.17
-8.04 -11.40 1.20
-8.60 -11.61 1.22
-9.90 -11.86 1.25
-10.03 -11.75 1.23
15.60 -0.23 0.02
15.19 -0.40 0.04
-6.49 -11.20 1.18
-6.72 -11.30 1.19
-6.80 -11.13 1.17
-7.84 -11.30 1.19
15.60 -0.23 0.02
15.19 -0.40 0.04
-6.31 -11.19 1.18
-6.54 -11.29 1.19
-6.73 -11.30 1.19
-6.80 -11.13 1.17
-7.22 -11.22 1.18
-7.84 -11.30 1.19
-10.08 -11.97 1.26
15.40 -0.22 0.02
15.00 -0.39 0.03
20.29 -2.09 0.15
-6.80 -11.05 0.77
-7.06 -10.89 0.76
-7.29 -10.97 0.77
-7.53 -11.05 0.77
-8.65 -11.23 0.79
-8.90 -11.29 0.79
-9.35 -11.31 0.79
-10.21 -11.50 0.80
15.30 -0.25 0.02
14.99 -0.42 0.03
20.39 -2.14 0.15
-6.73 -10.98 0.77
-7.04 -10.90 0.76
-9.53 -11.55 0.81
15.40 -0.20 0.01
15.00 -0.37 0.03
-6.87 -11.01 0.77
-7.12 -10.85 0.76
-7.36 -10.93 0.76
-8.59 -11.28 0.79
15.60 -0.13 0.01
15.20 -0.30 0.02
14.99 -0.47 0.03
-6.82 -11.04 0.77
-6.95 -10.96 0.77
-7.13 -10.96 0.77
-7.26 -10.88 0.76
-7.44 -10.88 0.76
-8.54 -11.32 0.79
15.40 -0.10 0.01
15.30 -0.28 0.02
14.99 -0.44 0.03
20.12 -1.83 0.13
-6.74 -10.97 0.77
-6.92 -10.98 0.77
-8.77 -11.14 0.78
15.40 -0.21 0.01
15.00 -0.38 0.03
-6.85 -11.02 0.77
-6.98 -10.94 0.77
-7.21 -11.03 0.77
-8.56 -11.30 0.79
-8.82 -11.10 0.78
15.60 -0.13 0.01
15.20 -0.30 0.02
15.09 -0.48 0.03
-6.74 -10.97 0.77
-6.92 -10.98 0.77
-7.10 -10.98 0.77
-7.63 -11.23 0.79
-8.37 -11.44 0.80
-8.50 -11.34 0.79
-8.76 -11.40 0.80
-9.53 -11.56 0.81
15.50 -0.10 0.01
14.90 -0.27 0.01
20.19 -2.15 0.11
-7.39 -10.92 0.57
-7.64 -10.75 0.56
-7.89 -10.57 0.55
-8.50 -11.11 0.58
-8.75 -10.91 0.57
15.20 -0.17 0.01
15.00 -0.34 0.02
20.02 -1.77 0.09
-7.09 -10.88 0.57
-7.21 -10.80 0.57
-7.76 -10.79 0.57
15.60 -0.07 0.00
15.00 -0.24 0.01
14.99 -0.41 0.02
20.09 -2.10 0.11
-7.38 -10.93 0.57
-7.39 -10.68 0.56
-7.52 -10.59 0.56
-7.88 -10.58 0.55
-8.61 -11.28 0.59
-9.90 -11.26 0.59
15.60 -0.08 0.00
15.00 -0.25 0.01
14.99 -0.42 0.02
15.39 -0.61 0.03
20.09 -2.11 0.11
-7.25 -10.78 0.56
-8.47 -11.13 0.58
-10.01 -11.16 0.58
15.80 -0.04 0.00
15.10 -0.22 0.01
14.99 -0.39 0.02
20.09 -2.06 0.11
-7.10 -10.87 0.57
-7.35 -10.71 0.56
-7.83 -10.86 0.57
-8.08 -10.93 0.57
-8.95 -11.01 0.58
15.30 -0.12 0.01
14.90 -0.29 0.02
20.08 -2.17 0.11
-7.29 -10.75 0.56
-7.41 -10.66 0.56
-7.65 -10.74 0.56
-9.92 -11.50 0.60
15.50 -0.08 0.00
15.00 -0.25 0.01
14.99 -0.42 0.02
15.39 -0.61 0.03
20.09 -2.10 0.11
-7.36 -10.94 0.57
-8.46 -11.14 0.58
15.20 -0.12 0.00
14.90 -0.29 0.01
20.28 -2.20 0.04
-7.25 -10.91 0.19
-7.55 -10.82 0.19
-7.68 -10.74 0.19
15.30 -0.04 0.00
15.10 -0.21 0.00
15.00 -0.38 0.01
15.29 -0.57 0.01
16.38 -0.80 0.01
20.00 -2.05 0.04
-7.25 -10.79 0.19
-7.55 -10.70 0.19
15.60 -0.07 0.00
14.90 -0.24 0.00
14.99 -0.41 0.01
15.29 -0.60 0.01
20.09 -2.10 0.04
-7.26 -10.78 0.19
-7.56 -10.69 0.19
-7.63 -10.53 0.18
-9.11 -10.89 0.19
15.30 -0.12 0.00
14.90 -0.29 0.01
20.18 -2.18 0.04
-7.15 -10.85 0.19
-7.40 -10.69 0.19
-7.64 -10.76 0.19
-8.25 -10.81 0.19
-9.91 -11.26 0.20
15.20 -0.12 0.00
14.90 -0.29 0.01
20.18 -2.18 0.04
-7.16 -10.85 0.19
-7.41 -10.68 0.19
15.10 -0.18 0.00
15.00 -0.35 0.01
19.90 -2.00 0.03
-9.83 -11.33 0.20
15.60 -0.06 0.00
14.90 -0.23 0.00
14.99 -0.40 0.01
15.29 -0.59 0.01
20.09 -2.09 0.04
-7.32 -10.86 0.19
-9.24 -11.04 0.19
14.70 -0.16 -0.00
14.90 -0.33 -0.00
14.99 -0.51 -0.00
19.90 -1.97 -0.00
19.80 -2.02 -0.00
20.18 -2.16 -0.00
14.99 -0.45 -0.00
19.79 -2.11 -0.00
20.06 -2.38 -0.00
-7.71 -10.59 -0.00
-7.77 -10.42 -0.00
-7.89 -10.33 -0.00
-8.07 -10.32 -0.00
14.70 -0.14 -0.00
14.90 -0.32 -0.00
14.99 -0.49 -0.00
19.90 -1.96 -0.00
19.78 -2.18 -0.00
20.15 -2.45 -0.00
-7.70 -10.48 -0.00
-8.06 -10.20 -0.00
14.70 -0.18 -0.00
14.90 -0.35 -0.00
15.09 -0.53 -0.00
19.70 -1.98 -0.00
19.87 -2.23 -0.00
20.15 -2.50 -0.00
-7.73 -10.46 -0.00
-8.40 -10.57 -0.00
14.80 -0.21 -0.00
14.90 -0.39 -0.00
15.19 -0.57 -0.00
19.70 -2.03 -0.00
19.99 -2.12 -0.00
-7.86 -10.60 -0.00
-8.10 -10.17 -0.00
14.80 -0.21 -0.00
14.90 -0.39 -0.00
15.19 -0.57 -0.00
19.70 -2.03 -0.00
19.97 -2.29 -0.00
-7.75 -10.44 -0.00
-8.23 -10.32 -0.00
14.70 -0.11 -0.00
14.80 -0.28 -0.00
14.99 -0.46 -0.00
19.79 -2.13 -0.00
20.06 -2.40 -0.00
-8.16 -10.37 -0.00
14.80 -0.13 -0.00
19.71 -1.93 -0.03
19.88 -2.18 -0.04
20.15 -2.44 -0.04
14.60 -0.05 -0.00
14.80 -0.22 -0.00
15.09 -0.40 -0.01
19.69 -2.04 -0.04
20.07 -2.32 -0.04
-8.23 -10.32 -0.18
14.70 -0.13 -0.00
19.71 -1.92 -0.03
19.80 -1.94 -0.03
20.26 -2.36 -0.04
-7.92 -10.30 -0.18
-8.04 -10.21 -0.18
14.60 -0.05 -0.00
14.80 -0.22 -0.00
14.99 -0.39 -0.01
19.70 -2.03 -0.04
19.99 -2.12 -0.04
-8.10 -10.17 -0.18
19.70 -1.95 -0.03
19.88 -2.20 -0.04
20.15 -2.47 -0.04
-7.93 -10.30 -0.18
-8.30 -10.27 -0.18
14.60 -0.06 -0.00
14.80 -0.23 -0.00
15.09 -0.41 -0.01
19.69 -2.06 -0.04
20.07 -2.33 -0.04
14.70 -0.13 -0.00
19.71 -1.92 -0.03
19.78 -2.16 -0.04
20.15 -2.43 -0.04
-7.92 -10.31 -0.18
-8.04 -10.22 -0.18
14.70 0.01 0.00
19.82 -1.74 -0.06
19.80 -1.97 -0.07
19.88 -2.21 -0.08
20.15 -2.47 -0.09
14.70 0.03 0.00
19.93 -1.72 -0.06
19.81 -1.94 -0.07
19.78 -2.17 -0.08
20.05 -2.43 -0.08
14.50 0.14 0.00
14.70 -0.03 -0.00
14.90 -0.20 -0.01
19.72 -1.78 -0.06
19.70 -2.01 -0.07
19.87 -2.26 -0.08
20.44 -2.56 -0.09
14.60 0.08 0.00
14.80 -0.09 -0.00
15.00 -0.27 -0.01
19.81 -1.88 -0.07
19.79 -2.11 -0.07
20.06 -2.38 -0.08
14.90 -0.18 -0.01
19.72 -1.76 -0.06
19.70 -1.99 -0.07
20.28 -2.21 -0.08
19.87 -2.24 -0.08
-8.32 -9.98 -0.35
14.60 0.08 0.00
14.80 -0.09 -0.00
15.00 -0.26 -0.01
19.81 -1.87 -0.07
19.69 -2.09 -0.07
20.06 -2.36 -0.08
14.70 0.04 0.00
14.80 -0.13 -0.00
15.10 -0.31 -0.01
19.93 -1.66 -0.06
19.82 -1.80 -0.06
19.78 -2.15 -0.08
20.05 -2.42 -0.08
14.40 0.30 0.02
14.70 0.13 0.01
14.90 -0.04 -0.00
20.44 -1.62 -0.11
19.82 -1.80 -0.13
19.70 -2.02 -0.14
20.07 -2.29 -0.16
14.60 0.21 0.01
14.80 0.05 0.00
15.00 -0.13 -0.01
19.83 -1.66 -0.12
19.73 -1.68 -0.12
19.88 -2.15 -0.15
20.15 -2.42 -0.17
14.50 0.28 0.02
14.70 0.11 0.01
14.90 -0.06 -0.00
20.43 -1.65 -0.12
19.82 -1.83 -0.13
19.69 -2.05 -0.14
20.07 -2.32 -0.16
14.50 0.25 0.02
14.70 0.09 0.01
14.90 -0.08 -0.01
20.13 -1.66 -0.12
19.71 -1.85 -0.13
19.79 -2.09 -0.15
20.06 -2.35 -0.16
14.70 0.16 0.01
14.80 -0.01 -0.00
15.20 -0.19 -0.01
20.34 -1.57 -0.11
19.84 -1.55 -0.11
19.70 -1.98 -0.14
19.97 -2.24 -0.16
-8.73 -10.27 -0.72
14.60 0.23 0.02
14.70 0.06 0.00
15.00 -0.11 -0.01
19.83 -1.66 -0.12
19.71 -1.88 -0.13
19.79 -2.12 -0.15
20.16 -2.39 -0.17
-8.24 -10.03 -0.70
14.50 0.32 0.02
14.70 0.15 0.01
19.84 -1.60 -0.11
19.72 -1.73 -0.12
19.97 -2.25 -0.16
-8.73 -10.27 -0.72
14.60 0.30 0.03
14.70 0.13 0.01
15.00 -0.03 -0.00
20.15 -1.35 -0.12
20.34 -1.60 -0.14
19.82 -1.79 -0.16
19.80 -2.02 -0.18
19.87 -2.26 -0.20
20.04 -2.51 -0.22
14.60 0.32 0.03
14.70 0.15 0.01
15.00 -0.02 -0.00
20.34 -1.58 -0.14
19.83 -1.64 -0.14
19.80 -1.99 -0.17
19.87 -2.23 -0.20
20.05 -2.48 -0.22
14.60 0.26 0.02
20.15 -1.40 -0.12
20.33 -1.65 -0.14
19.81 -1.84 -0.16
19.69 -2.05 -0.18
20.28 -2.23 -0.20
19.97 -2.31 -0.20
14.70 0.24 0.02
14.80 0.07 0.01
20.17 -1.14 -0.10
20.43 -1.70 -0.15
19.81 -1.88 -0.16
19.69 -2.10 -0.18
20.08 -2.19 -0.19
14.70 0.19 0.02
14.90 0.02 0.00
19.80 -0.35 -0.03
20.16 -1.28 -0.11
20.24 -1.52 -0.13
20.02 -1.74 -0.15
19.80 -1.95 -0.17
19.78 -2.17 -0.19
20.05 -2.44 -0.21
14.60 0.32 0.03
14.70 0.15 0.01
15.00 -0.02 -0.00
20.15 -1.41 -0.12
19.84 -1.51 -0.13
20.34 -1.57 -0.14
19.80 -1.99 -0.17
19.87 -2.23 -0.20
20.14 -2.50 -0.22
14.70 0.25 0.02
20.15 -1.43 -0.12
20.43 -1.68 -0.15
19.81 -1.86 -0.16
19.68 -2.16 -0.19
19.96 -2.34 -0.20
14.70 0.30 0.04
14.90 0.13 0.02
20.15 -1.35 -0.17
20.34 -1.60 -0.20
19.72 -1.78 -0.22
19.70 -2.00 -0.25
19.87 -2.25 -0.28
20.24 -2.53 -0.31
14.60 0.35 0.04
14.80 0.18 0.02
14.90 0.01 0.00
20.16 -1.28 -0.16
20.35 -1.40 -0.17
19.72 -1.71 -0.21
19.70 -1.94 -0.24
20.18 -2.19 -0.27
19.78 -2.18 -0.27
14.60 0.37 0.04
20.16 -1.26 -0.15
20.34 -1.51 -0.19
19.83 -1.67 -0.20
19.83 -1.70 -0.21
19.78 -2.15 -0.26
20.05 -2.42 -0.30
14.70 0.27 0.03
14.90 0.11 0.01
20.15 -1.39 -0.17
20.33 -1.63 -0.20
19.82 -1.82 -0.22
19.69 -2.04 -0.25
19.97 -2.30 -0.28
14.60 0.35 0.04
20.16 -1.28 -0.16
20.34 -1.53 -0.19
19.73 -1.71 -0.21
19.70 -1.93 -0.24
19.78 -2.17 -0.27
20.18 -2.22 -0.27
14.49 0.41 0.05
14.70 0.25 0.03
15.00 0.08 0.01
20.06 -1.19 -0.15
20.15 -1.43 -0.18
20.13 -1.66 -0.20
19.81 -1.86 -0.23
19.69 -2.08 -0.26
19.96 -2.34 -0.29
14.60 0.38 0.05
14.70 0.21 0.03
15.00 0.04 0.01
20.16 -1.24 -0.15
20.25 -1.48 -0.18
19.93 -1.68 -0.21
19.81 -1.90 -0.23
19.78 -2.13 -0.26
20.06 -2.39 -0.29
19.60 -0.39 -0.05
20.18 -0.86 -0.12
19.97 -1.08 -0.15
20.36 -1.34 -0.19
20.14 -1.55 -0.22
20.12 -1.78 -0.25
19.80 -1.98 -0.28
19.68 -2.20 -0.31
19.85 -2.45 -0.34
20.01 -2.70 -0.38
14.59 0.43 0.06
14.80 0.27 0.04
20.18 -0.86 -0.12
19.78 -0.92 -0.13
20.45 -1.42 -0.20
20.23 -1.63 -0.23
19.71 -1.82 -0.26
19.79 -2.05 -0.29
19.79 -2.07 -0.29
19.94 -2.53 -0.36
14.59 0.43 0.06
14.80 0.26 0.04
19.78 -0.92 -0.13
20.17 -1.17 -0.16
20.45 -1.42 -0.20
20.23 -1.63 -0.23
19.71 -1.82 -0.26
19.79 -2.05 -0.29
19.77 -2.28 -0.32
19.94 -2.53 -0.36
14.59 0.44 0.06
14.80 0.28 0.04
19.78 -0.90 -0.13
20.17 -1.15 -0.16
20.45 -1.40 -0.20
20.23 -1.62 -0.23
19.72 -1.80 -0.25
19.79 -2.04 -0.29
19.67 -2.25 -0.32
19.94 -2.51 -0.35
20.01 -2.75 -0.39
14.70 0.37 0.05
14.90 0.21 0.03
19.70 -0.32 -0.04
19.97 -1.01 -0.14
20.36 -1.26 -0.18
20.24 -1.48 -0.21
20.33 -1.72 -0.24
19.81 -1.91 -0.27
19.79 -2.10 -0.30
19.68 -2.12 -0.30
20.03 -2.62 -0.37
14.59 0.45 0.06
14.80 0.28 0.04
19.78 -0.89 -0.13
20.17 -1.14 -0.16
20.45 -1.39 -0.20
20.24 -1.52 -0.21
19.72 -1.80 -0.25
19.79 -2.03 -0.29
19.67 -2.25 -0.32
19.94 -2.51 -0.35
20.01 -2.75 -0.39
-18.81 -11.29 -1.59
14.59 0.38 0.05
14.90 0.22 0.03
19.90 -0.30 -0.04
20.28 -0.93 -0.13
19.97 -0.99 -0.14
20.35 -1.35 -0.19
20.33 -1.71 -0.24
19.81 -1.89 -0.27
19.68 -2.11 -0.30
19.76 -2.35 -0.33
20.03 -2.61 -0.37
14.59 0.56 0.09
14.79 0.40 0.06
19.89 -0.74 -0.12
20.28 -0.95 -0.15
19.98 -0.97 -0.15
20.15 -1.44 -0.23
20.13 -1.67 -0.26
19.82 -1.79 -0.28
19.81 -1.87 -0.30
19.66 -2.30 -0.37
-14.19 -9.95 -1.58
-19.22 -11.36 -1.80
-20.01 -11.00 -1.74
14.59 0.60 0.10
19.40 -0.22 -0.03
19.89 -0.68 -0.11
19.78 -0.90 -0.14
20.27 -1.08 -0.17
20.17 -1.15 -0.18
20.33 -1.62 -0.26
19.82 -1.81 -0.29
19.79 -2.04 -0.32
19.67 -2.25 -0.36
19.84 -2.50 -0.40
20.11 -2.77 -0.44
-16.03 -10.25 -1.62
-18.93 -11.07 -1.75
-19.50 -11.09 -1.76
14.59 0.53 0.08
14.80 0.37 0.06
19.88 -0.78 -0.12
20.07 -1.02 -0.16
20.36 -1.26 -0.20
20.14 -1.48 -0.23
19.93 -1.69 -0.27
19.71 -1.90 -0.30
19.68 -2.13 -0.34
19.76 -2.36 -0.37
19.93 -2.61 -0.41
-14.01 -9.69 -1.53
-19.27 -11.28 -1.79
14.69 0.45 0.07
15.00 0.29 0.05
19.30 -0.21 -0.03
19.89 -0.67 -0.11
19.78 -0.89 -0.14
20.17 -1.14 -0.18
20.25 -1.37 -0.22
20.33 -1.61 -0.25
19.82 -1.80 -0.28
19.69 -2.01 -0.32
19.69 -2.07 -0.33
19.84 -2.48 -0.39
20.13 -2.62 -0.42
-16.22 -10.33 -1.64
-19.00 -10.95 -1.73
-19.80 -10.77 -1.71
14.59 0.49 0.08
14.90 0.33 0.05
19.00 -0.15 -0.02
19.78 -0.83 -0.13
20.17 -1.08 -0.17
20.36 -1.32 -0.21
20.24 -1.54 -0.24
19.82 -1.74 -0.28
19.70 -1.96 -0.31
19.68 -2.18 -0.35
19.75 -2.42 -0.38
20.00 -2.77 -0.44
-16.12 -10.48 -1.66
-18.93 -11.07 -1.75
-19.80 -10.77 -1.71
14.59 0.50 0.08
14.90 0.34 0.05
19.00 -0.13 -0.02
19.30 -0.36 -0.06
19.78 -0.82 -0.13
20.38 -0.95 -0.15
20.07 -1.06 -0.17
20.26 -1.18 -0.19
19.82 -1.72 -0.27
19.70 -1.94 -0.31
19.68 -2.16 -0.34
19.75 -2.40 -0.38
20.02 -2.66 -0.42
-16.13 -10.29 -1.63
-18.87 -11.16 -1.77
-19.88 -10.83 -1.71
14.59 0.60 0.10
19.40 -0.22 -0.03
19.89 -0.68 -0.11
19.78 -0.90 -0.14
20.17 -1.15 -0.18
20.25 -1.38 -0.22
20.33 -1.62 -0.26
19.83 -1.60 -0.25
19.79 -2.04 -0.32
19.67 -2.25 -0.36
19.84 -2.50 -0.40
20.11 -2.77 -0.44
-14.06 -9.79 -1.55
-19.55 -10.79 -1.71
