-49.82 22.76 -5.67
-49.04 23.22 -5.79
-49.01 25.2 -6.28
-49.02 25.8 -6.43
-48.53 26.26 -6.55
-48.49 27.11 -6.76
-48.42 27.81 -6.93
-48.99 28.77 -7.17
-50.17 30.25 -7.54
-50.64 31.34 -7.81
-54.05 21.89 -5.46
-53.67 28.27 -7.05
-54.65 17.86 -4.45
-53.5 18.42 -4.59
-53.23 19.14 -4.77
-53.64 19.73 -4.92
-53.96 20.55 -5.12
-54.54 26 -6.48
-54.19 18.56 -4.63
-54.05 19.22 -4.79
-54.1 19.94 -4.97
-54.27 20.58 -5.13
-53.59 21.17 -5.28
-53.66 21.79 -5.43
-54.72 25.87 -6.45
-54.16 18.63 -4.64
-53.28 19.01 -4.74
-53.32 19.73 -4.92
-53.21 20.27 -5.05
-53.66 21.28 -5.31
-54.59 26.98 -6.73
-53.45 20.21 -5.04
-52.31 23.32 -5.82
-49.94 15.93 -3.97
-49.93 16.56 -4.13
-50.75 17.24 -4.3
-50.59 17.96 -4.48
-50.83 18.71 -4.67
-50.74 19.22 -4.79
-50.59 19.84 -4.95
-51.04 20.57 -5.13
-51.1 21.41 -5.34
-51.7 22.51 -5.61
-51.8 23 -5.74
-54.05 26.3 -6.56
-54.58 27.21 -6.78
-54.4 27.77 -6.92
-50.52 15.76 -3.93
-50.51 16.4 -4.09
-51.01 19.87 -4.95
-51.51 20.75 -5.17
-54.86 26.24 -6.54
-54.78 26.84 -6.69
-51.73 14.21 -3.54
-54.65 25.55 -6.37
-54.78 26.4 -6.58
-51.24 13.75 -3.43
-52.93 16.72 -4.17
-54.17 26.29 -6.55
-54.26 26.97 -6.72
-54.27 28.41 -7.08
-51.26 12.55 -3.13
-50.52 12.99 -3.24
-50.49 13.83 -3.45
-50.98 17.46 -4.35
-53.82 27.79 -6.93
-53.91 28.64 -7.14
-49.58 13.39 -3.34
-49.19 14.01 -3.49
-49.59 14.74 -3.68
-50.3 15.47 -3.86
-50.67 16.87 -4.21
-50.27 17.39 -4.34
-50.01 18.07 -4.51
-50.06 18.51 -4.61
-50.2 19.22 -4.79
-50.7 20.09 -5.01
-50.82 20.83 -5.19
-51.57 21.84 -5.44
-51.75 22.63 -5.64
-52.11 23.51 -5.86
-52.88 30.59 -7.63
-50.56 13.59 -3.39
-50.14 13.99 -3.49
-50.34 14.67 -3.66
-50.89 17.42 -4.34
-50.77 18.04 -4.5
-50.77 18.59 -4.63
-51.4 20.74 -5.17
-51.74 21.71 -5.41
-53.63 29.14 -7.27
-50.43 13.33 -3.32
-49.62 13.96 -3.48
-49.8 14.4 -3.59
-50.29 15.17 -3.78
-50.9 16.51 -4.12
-50.4 17.89 -4.46
-50.18 18.47 -4.6
-50.5 19 -4.74
-50.82 19.8 -4.94
-51.31 20.69 -5.16
-51.06 21.28 -5.3
-51.93 22.48 -5.61
-52.21 23.06 -5.75
-50.64 13.68 -3.41
-49.96 14.22 -3.55
-49.91 14.72 -3.67
-50.36 15.6 -3.89
-50.47 17.98 -4.48
-50.21 18.66 -4.65
-50.21 19.45 -4.85
-50.58 20.13 -5.02
-50.88 20.94 -5.22
-50.9 21.38 -5.33
-51.5 22.47 -5.6
-52.09 23.31 -5.81
-52.47 31.07 -7.75
-50.63 13.73 -3.42
-50.13 13.99 -3.49
-49.93 14.67 -3.66
-50.45 15.34 -3.83
-50.45 18.05 -4.5
-50.27 18.51 -4.62
-50.04 19.34 -4.82
-50.54 19.96 -4.98
-50.94 20.8 -5.19
-50.96 21.49 -5.36
-51.1 22.38 -5.58
-51.84 23.16 -5.77
-52.15 31.01 -7.73
-52.27 31.75 -7.92
-50.06 14.22 -3.55
-49.86 14.56 -3.63
-50.19 15.17 -3.78
-50.72 16.09 -4.01
-50.9 16.8 -4.19
-50.52 17.86 -4.45
-50.25 18.55 -4.62
-49.8 19.16 -4.78
-50.25 19.88 -4.96
-50.56 20.68 -5.16
-50.85 21.49 -5.36
-50.68 22.12 -5.51
-51.78 23.05 -5.75
-51.76 23.77 -5.93
-51.78 26.14 -6.52
-52.11 31.44 -7.84
-50.29 14.18 -3.54
-49.79 14.78 -3.68
-50.02 15.36 -3.83
-50.87 16.91 -4.21
-50.44 18.06 -4.5
-50.21 18.39 -4.59
-49.98 18.96 -4.73
-50.21 19.71 -4.91
-50.62 20.55 -5.12
-51 21.39 -5.33
-50.51 22.01 -5.49
-51.74 23.12 -5.77
-51.75 23.58 -5.88
-51.58 25.24 -6.29
-51.8 26.1 -6.51
-52.14 31.4 -7.83
-51.93 32.26 -8.04
-50.68 13.89 -3.46
-50.06 14.23 -3.55
-49.76 14.88 -3.71
-50.37 15.59 -3.89
-50.47 17.98 -4.48
-50.21 18.66 -4.65
-50.02 19.13 -4.77
-50.48 20.11 -5.01
-50.87 20.95 -5.22
-50.71 21.57 -5.38
-51.18 22.22 -5.54
-51.9 23.25 -5.8
-51.79 23.93 -5.97
-51.97 31.67 -7.9
-51.67 14.05 -3.24
-52.21 15.38 -3.55
-53.41 16.53 -3.82
-53.95 17.13 -3.95
-54.81 23.17 -5.35
-55.03 23.88 -5.51
-55.37 24.8 -5.73
-51.55 14.12 -3.26
-53.26 16.35 -3.78
-53.86 17.09 -3.95
-54.58 22.95 -5.3
-55.06 24.05 -5.55
-55.51 24.74 -5.71
-55.21 25.38 -5.86
-51.48 13.97 -3.23
-53.21 16.18 -3.74
-53.54 17.09 -3.94
-54.86 23.77 -5.49
-51.45 14.09 -3.25
-53.04 16.39 -3.78
-53.5 17.22 -3.97
-55.35 25.54 -5.9
-55.25 26.42 -6.1
-51.41 13.85 -3.2
-53.01 16.15 -3.73
-53.32 16.8 -3.88
-54.93 23.87 -5.51
-55.34 26.24 -6.06
-51.47 14.01 -3.24
-53.25 16.38 -3.78
-53.68 17.32 -4
-54.57 22.96 -5.3
-54.93 23.86 -5.51
-51.43 14.16 -3.27
-53.11 16.5 -3.81
-53.74 17.13 -3.96
-54.4 23.1 -5.33
-54.9 23.93 -5.53
-55.24 24.85 -5.74
-55.24 25.77 -5.95
-51.8 13.59 -3.14
-51.37 14.35 -3.31
-52.63 16.98 -3.92
-54.65 23.27 -5.37
-55 24.19 -5.58
-51.27 14 -3.23
-52.96 16.32 -3.77
-53.12 16.79 -3.88
-54.79 23.68 -5.47
-55.2 25.39 -5.86
-51.38 13.96 -3.22
-52.99 16.54 -3.82
-53.81 17.23 -3.98
-54.96 23.32 -5.38
-55.06 25.68 -5.93
-51.57 14.04 -3.24
-54.8 23.92 -5.52
-55.19 25.64 -5.92
-51.3 14.26 -3.29
-51.46 14.41 -3.33
-55.1 25.83 -5.96
-51.32 14.17 -3.27
-52.59 16.49 -3.81
-52.99 17.17 -3.96
-55.37 25.03 -5.78
-55.1 25.83 -5.96
-51.52 14.22 -3.28
-54.85 26.55 -6.13
-52.69 16.82 -3.88
-53.25 17.93 -4.14
-54.98 26.29 -6.07
-51.64 14.13 -3.26
-55.22 25.81 -5.96
-55.05 26.37 -6.09
-51.69 13.98 -3.23
-55 23.95 -5.53
-55.21 25.59 -5.91
-55.23 25.78 -5.95
-52.58 16.83 -3.89
-52.79 17.45 -4.03
-54.89 26.03 -6.01
-42.82 27.66 -5.88
-42.94 28.72 -6.1
-43.77 29.78 -6.33
-45.36 28.69 -6.1
-46.78 28.32 -6.02
-47.48 27.77 -5.9
-47.99 28.83 -6.13
-47.7 28.17 -5.99
-48.03 29.13 -6.19
-47.94 27.97 -5.95
-47.96 28.88 -6.14
-47.83 27.76 -5.9
-48.55 27.52 -5.85
-49.66 28.78 -6.12
-49.08 27.62 -5.87
-49.32 28.38 -6.03
-49.08 28.38 -6.03
-48.74 28.56 -6.07
-49.05 29.38 -6.25
-49.08 28.95 -6.15
-49.26 29.98 -6.37
-49.22 28.73 -6.11
-49.53 29.55 -6.28
-49.58 28.12 -5.98
-49.82 28.89 -6.14
-50.07 27.49 -5.84
-50.26 28.35 -6.03
-51.32 25.22 -4.9
-51.07 25.28 -4.91
-51.64 26.96 -5.24
-50.8 25.36 -4.93
-50.25 25.99 -5.05
-49.81 25.75 -5.01
-50.22 26.03 -5.06
-50.11 26.02 -5.06
-49.86 26.08 -5.07
-51.28 27.04 -4.77
-50.05 25.96 -4.58
-49.7 26.18 -4.62
-50.5 25.76 -4.54
-51.3 27 -4.76
-51.72 27.06 -4.77
-51.57 27.13 -4.78
-51.71 26.65 -4.7
-52.12 26.3 -4.64
-52.12 26.32 -4.64
-52.12 26.31 -4.64
-52.39 27.08 -4.77
-52.19 26.38 -4.65
-52.28 26.22 -4.62
-52.67 27.2 -4.8
-50.19 28 -4.44
-49.98 28.57 -4.52
-49.75 28.37 -4.49
-49.58 28.46 -4.51
-49.28 28.96 -4.59
-49.06 29.14 -4.61
-48.21 28.22 -4.47
-48.81 29.34 -4.65
-48.38 27.94 -4.42
-48.49 28.91 -4.58
-48.62 28.5 -4.51
-48.27 27.92 -4.42
-48.79 28.99 -4.59
-48.27 28.13 -4.46
-48.71 27.77 -4.4
-48.89 28.64 -4.54
-48.18 28.07 -4.45
-48.85 29.09 -4.61
-48.32 27.85 -4.41
-48.56 28.61 -4.53
-48.25 27.58 -4.37
-48.45 28.6 -4.53
-49.5 27.83 -3.42
-49.4 28.79 -3.54
-48.87 27.32 -3.35
-48.78 27.07 -3.32
-49.46 27.09 -3.33
-50.06 28.05 -3.44
-49.27 26.6 -3.27
-49.63 27.41 -3.37
-49.15 27.02 -3.32
-49.45 27.52 -3.38
-48.88 26.89 -3.3
-49.14 27.65 -3.4
-48.85 27.56 -3.38
-48.54 27.5 -3.38
-48.48 27.41 -3.37
-49.01 28.48 -3.5
-48.33 27.47 -3.37
-49.18 28.58 -3.51
-48.39 27.56 -3.38
-48.43 27.29 -3.35
-48.38 27.17 -3.34
-48.32 27.08 -3.32
-47.7 29.1 -3.06
-47.84 29.82 -3.13
-47.7 28.72 -3.02
-47.71 27.53 -2.89
-48.38 29.15 -3.06
-47.88 28.81 -3.03
-47.36 27.74 -2.92
-47.91 28.76 -3.02
-47.93 28.73 -3.02
-47.41 27.66 -2.91
-47.43 27.62 -2.9
-46.98 27.18 -1.9
-47.4 27.25 -1.91
-47.39 27.47 -1.92
-47.57 27.56 -1.93
-47.35 27.73 -1.94
-47.49 27.3 -1.91
-47.24 27.32 -1.91
-47.3 27.62 -1.93
-47.41 27.83 -1.95
-47.32 27.58 -1.93
-47.45 27.56 -1.93
-47.73 28.85 -2.02
-47.05 27.26 -1.91
-47.08 27.6 -1.93
-47.13 27.33 -1.91
-47.34 27.76 -1.94
-46.71 28.02 -1.96
-46.62 27.79 -1.94
-46.5 27.99 -1.96
-47.48 29.45 -2.06
-46.69 28.05 -1.96
-47.17 29.37 -2.05
-47.16 29.39 -2.06
-47.01 29.45 -2.06
-47.05 29.39 -2.05
-47.08 29.34 -2.05
-47.79 29.71 -2.08
-47.14 29.41 -1.54
-46.12 29.71 -1.56
-45.58 28.88 -1.51
-45.94 29.62 -1.55
-45.39 28.99 -1.52
-45.63 29.91 -1.57
-45.4 29.72 -1.56
-46.41 30.18 -1.58
-46.58 30.46 -1.6
-46.15 30.4 -1.59
-45.42 29.68 -1.56
-45.73 30.66 -1.61
-45.6 29.41 -1.54
-45.77 30.43 -1.59
-45.55 28.94 -1.52
-45.68 29.65 -1.55
-45.5 29.19 -1.53
-45.59 30.16 -1.58
-45.51 29.54 -1.55
-45.91 30.57 -1.6
-45.57 29.83 -1.56
-45.74 31.01 -1.63
-45.38 29.37 -1.54
-45.53 30.24 -1.58
-45.63 29.72 -1.56
-45.96 30.86 -1.62
-45.92 30.02 -1.57
-45.55 28.92 -1.52
-45.65 29.89 -1.57
-48.43 28.76 -0.5
-47.9 29.26 -0.51
-46.69 29.86 -0.52
-45.13 29.14 -0.51
-46.49 28.87 -0.5
-48.06 28.2 -0.49
-48.17 29.18 -0.51
-48.88 28.18 -0.49
-49.38 29.11 -0.51
-49.06 27.88 -0.49
-48.22 28.32 -0.49
-48.83 29.45 -0.51
-46.78 28.98 -0.51
-45.67 28.68 -0.5
-45.01 28.97 -0.51
-45.01 29.87 -0.52
-44.88 29.71 -0.52
-46.43 31.53 -0.55
-45.02 29.14 -0.51
-45.73 28.96 -0.51
-45.45 29.2 -0.51
-45.25 29.51 -0.52
-45.17 29.59 0
-45.04 29.97 0
-45.12 29.49 0
-45.09 29.71 0
-45.06 29.94 0
-45.08 29.54 0
-45.1 29.7 0
-47.6 34.52 0
-44.99 29.5 0
-45.21 30.26 0
-47.42 34.09 0
-45.2 29.9 0
-48.33 35.22 0
-45.24 30.03 0
-47.23 33.83 0
-45.23 29.5 0
-47.27 33.96 0
-45.01 29.29 0
-45.09 30.25 0
-45.14 29.82 0
-45.11 29.87 0
-45.13 29.66 0
-45.25 29.29 0
-45.15 29.44 0
-45.22 30.24 0
-45.11 29.69 0
-45.1 29.88 0
-45.02 30 0
-48.05 34.41 0
-48.18 34.74 0
-45.38 29.81 0
-48.37 34.99 0
-48.3 34.58 0
-47.91 34.43 0
-47.98 34.16 0
-48.3 34.74 0
-47.06 33.72 0
-48.26 34.97 0
-48.35 35.02 0
-47.89 34.46 0
-48.51 35.14 0
-47.71 34.19 0
-47.65 34.29 0
-48.41 35.11 0
-48.35 35.36 0
-47.91 34.09 0
-47.86 34.67 0
-48.04 32.44 0.57
-48.97 33.92 0.59
-47.66 31.58 0.55
-48.51 32.83 0.57
-49.02 33.67 0.59
-48.84 33.23 0.58
-49.09 33.39 0.58
-47.59 31.13 0.54
-48.23 32.52 0.57
-49.1 33.56 0.59
-47.65 31.41 0.55
-48.52 32.81 0.57
-47.87 31.8 0.56
-48.96 33.05 0.58
-47.37 30.56 0.53
-47.93 31.89 0.56
-48.96 33.41 0.58
-46.7 29.75 0.52
-47.48 30.75 0.54
-48.04 32.08 0.56
-49.22 33.56 0.59
-47.07 30.65 0.53
-47.93 31.71 0.55
-48.87 33.18 0.58
-47.48 31.12 0.54
-48.17 32.24 0.56
-49.27 33.66 0.59
-47.07 30.46 0.53
-47.78 31.57 0.55
-48.63 32.82 0.57
-46.51 29.11 0.51
-46.94 30.3 0.53
-47.73 31.47 0.55
-48.67 32.76 0.57
-47.05 30.49 0.53
-47.76 31.61 0.55
-48.62 33.01 0.58
-47.31 30.64 0.53
-47.95 31.86 0.56
-49.05 33.28 0.58
-47.55 30.83 0.54
-48.03 32.11 0.56
-49.19 33.42 0.58
-46.73 29.89 0.52
-47.86 31.27 0.55
-48.56 32.56 0.57
