-32.46 19.38 -2.04
-32.36 19.55 -2.05
-31.06 18.42 -1.94
-30.88 18.71 -1.97
-30.57 19.21 -2.02
-30.51 19.49 -2.05
-36.4 14.9 -1.57
-34.02 19.09 -2.01
-32.27 19.51 -2.05
-29.65 19.16 -2.01
-29.51 19.56 -2.06
-29.65 19.88 -2.09
-32.07 18.08 -1.9
-31.91 19.51 -2.05
-30.49 19.33 -2.03
-30.73 19.89 -2.09
-35.34 16.32 -1.71
-34.82 17.6 -1.85
-32.15 19.32 -2.03
-32.05 19.68 -2.07
-35.8 16.75 -1.76
-35.64 17.09 -1.8
-34.78 18.13 -1.91
-34.12 18.92 -1.99
-33.24 19.24 -2.02
-32.88 19.46 -2.05
-32.61 19.72 -2.07
-35.71 16.71 -1.76
-35.65 17.29 -1.82
-34.92 17.63 -1.85
-33.96 18.59 -1.95
-32.91 19.22 -2.02
-32.68 19.61 -2.06
-32.44 19.99 -2.1
-32.75 17.47 -1.84
-31.74 19.61 -2.06
-31.76 19.95 -2.1
-35.85 15.68 -1.65
-32.32 17.63 -1.85
-31.68 18.36 -1.93
-30.9 18.31 -1.92
-31.06 19.18 -2.02
-30.96 19.53 -2.05
-28.61 19.11 -2.01
-28.42 19.56 -2.06
-28.52 19.77 -2.08
-34.65 14.93 -1.57
-35.4 15.94 -1.68
-31.78 17.77 -1.87
-31.69 17.94 -1.89
-31.26 18.28 -1.92
-31.04 18.83 -1.98
-30.56 18.85 -1.98
-30 19 -2
-28.31 18.84 -1.98
-28.08 19 -2
-27.98 19.32 -2.03
-27.95 19.7 -2.07
-34.33 14.91 -1.57
-34.27 15.55 -1.63
-33.05 16.24 -1.71
-32.1 17 -1.79
-32.01 17.17 -1.8
-31.6 17.7 -1.86
-31.17 18.04 -1.9
-30.43 18.49 -1.94
-30.67 18.86 -1.98
-30.32 19.23 -2.02
-29.88 19.54 -2.05
-27.7 19.03 -2
-27.64 19.29 -2.03
-27.7 19.55 -2.05
-34.96 14.97 -1.57
-33.22 16.78 -1.76
-31.66 17.99 -1.89
-30.75 18.36 -1.93
-30.24 18.81 -1.98
-29.8 19.12 -2.01
-28.05 18.86 -1.98
-27.87 19.13 -2.01
-27.88 19.8 -2.08
-33.87 14.48 -1.52
-34.03 15.59 -1.64
-32.34 16.53 -1.74
-28.81 19.34 -2.03
-28.75 19.61 -2.06
-28.31 19.71 -2.07
-27.55 19.76 -2.08
-34.22 14.41 -1.51
-33.38 14.35 -1.51
-28.81 19.17 -2.02
-28.2 19.53 -2.05
-34.04 13.8 -1.45
-33.63 14.02 -1.47
-33.56 14.92 -1.57
-27.93 18.86 -1.98
-32.74 13.8 -1.45
-33.53 14.26 -1.5
-32.13 14.2 -1.49
-29.17 19.35 -2.03
-28.53 19.41 -2.04
-34.15 13.53 -1.42
-33.43 13.45 -1.41
-32.78 13.72 -1.44
-28.53 18.69 -1.96
-29.09 19.64 -2.06
-34.42 13.39 -1.41
-33.64 13.72 -1.44
-33.39 13.82 -1.45
-31.73 14.36 -1.51
-28.6 18.58 -1.95
-29.29 19.53 -2.05
-34.12 13.34 -1.4
-33.62 13.77 -1.45
-33.43 13.98 -1.47
-31.93 14.41 -1.52
-28.57 18.45 -1.94
-29.18 19.34 -2.03
-34.07 12.91 -1.36
-34.07 13.2 -1.39
-33.69 13.6 -1.43
-33.56 13.92 -1.46
-32.14 13.94 -1.47
-34.13 12.48 -1.31
-34.14 13.03 -1.37
-33.94 13.25 -1.39
-32.71 13.63 -1.43
-33.03 13.88 -1.46
-34.38 12.95 -1.36
-33.73 13.5 -1.42
-32.77 13.48 -1.42
-28.61 18.39 -1.93
-29.3 19.33 -2.03
-33.75 12.65 -1.33
-33.07 13.01 -1.37
-34.27 13.77 -1.45
-33.12 13.93 -1.46
-32.13 14.21 -1.49
-31.9 14.48 -1.52
-28.47 18.41 -1.94
-29.25 19.23 -2.02
-33.84 13.23 -1.39
-31.92 13.44 -1.41
-32.22 14.01 -1.47
-31.92 14.42 -1.52
-31.81 14.66 -1.54
-31 15.43 -1.62
-30.98 15.46 -1.63
-30.72 15.96 -1.68
-30.14 16.2 -1.7
-30.09 16.72 -1.76
-29.67 17.24 -1.81
-29.21 17.61 -1.85
-28.79 17.92 -1.88
-28.69 18.07 -1.9
-28.06 18.49 -1.94
-28.67 19.2 -2.02
-33.45 13.92 -1.46
-28.45 19.17 -2.01
-28.3 19.56 -2.06
-28.39 19.95 -2.1
-33.75 14.99 -1.58
-33.3 15.01 -1.58
-29.22 19.27 -2.03
-28.82 19.68 -2.07
-33.68 14.4 -1.51
-33.42 15.71 -1.65
-28.23 19.48 -2.05
-27.67 19.58 -2.06
-33.87 14.48 -1.52
-28.67 19.37 -2.04
-28.98 19.81 -2.08
-28.41 19.92 -2.09
-30.94 15.76 -1.66
-28.98 19.28 -2.03
-28.46 19.51 -2.05
-27.87 20 -2.1
-28.69 19.16 -2.01
-28.18 19.21 -2.02
-30.51 16.36 -1.72
-30.09 16.71 -1.76
-29.44 17.62 -1.85
-28.24 18.59 -1.95
-28.3 19.2 -2.02
-28 19.3 -2.03
-28.13 19.8 -2.08
-33.48 14.62 -1.54
-28.77 19.58 -2.06
-28.17 19.75 -2.08
